*	OSC1_Ch1	OSC1_Ch2
-0.00196446976076459	0.699656022991422	0.14419822744733
-0.00193237821956416	0.989720480944578	0.390444288719692
-0.00189965016924987	1.27516616799399	0.653246330314863
-0.00187017399025535	1.52080478429008	0.885504132954447
-0.00182017399025369	1.9066133246077	1.2559410147663
-0.00177017399025203	2.24547471718665	1.58457906778373
-0.00172017399026458	2.52904506992514	1.8610750743871
-0.00167017399026292	2.75034193962272	2.0775322489079
-0.00162017399026126	2.90391626290523	2.22803001852046
-0.0015701739902596	2.98598653024949	2.3085384175761
-0.00152017399025794	2.9945318992979	2.31692359126122
-0.00147017399025628	2.92934195470402	2.25296406106464
-0.00142017399025462	2.79202188925677	2.11835257873308
-0.00137017399025297	2.58595297870664	1.91668237799649
-0.00132017399025131	2.31620932353488	1.65343461958937
-0.00127017399026386	1.98943290775967	1.33602983660156
-0.0012201739902622	1.61367005124615	0.974154659203182
-0.00117017399026054	1.1981732826071	0.581350034416685
-0.00112017399025888	0.753173511241123	0.186344897332636
-0.00108734590855875	0.45021416566485	0.0102826605726023
-0.00106444235861147	0.235817038921185	0.0001154839698293
-0.00105555232859444	0.152208626840107	-1.76212185915015E-6
-0.00104434481995952	0.0466438442752008	-1.70683143867964E-5
-0.00102956321330794	-0.092652901187492	-1.7373137211632E-5
-0.000999999999990564	-0.370347186470405	-1.57388685891879E-5
-0.000950000000003115	-0.831501249375357	-1.36029553871042E-5
-0.000900000000001455	-1.27218099192626	-1.19480006610662E-5
-0.000849999999999795	-1.6815354163293	-1.03918009495274E-5
-0.000799999999998136	-2.04948485808623	-8.84058328498583E-6
-0.000749999999996476	-2.36696918078681	-7.27624901308843E-6
-0.000699999999994816	-2.62617086673609	-5.69053097443373E-6
-0.000649999999993156	-2.82070751018494	-4.08279962638147E-6
-0.000599999999991496	-2.94578897334153	-2.45729108439008E-6
-0.000549999999989836	-2.99833533546138	-8.21092702718573E-7
-0.000500000000002387	-2.97705273071772	8.17327199253981E-7
-0.000450000000000728	-2.88246520747225	2.44933467552499E-6
-0.000399999999999068	-2.71690182446527	4.06733935864878E-6
-0.000349999999997408	-2.48443930165977	5.66626923959035E-6
-0.000299999999995748	-2.19080163786611	7.24572963983761E-6
-0.000249999999994088	-1.84321916689442	8.81367365490604E-6
-0.000199999999992428	-1.4502505227401	1.03935069681871E-5
-0.000149999999990769	-1.02157189761038	1.20397938876415E-5
-0.00010000000000332	-0.567738781958763	1.38792125793374E-5
-5.00000000016598E-5	-0.0999260532783274	1.62923458710551E-5
0	0.370347186469357	0.00206233127197958
3.61072142483487E-5	0.704942779323819	0.148262649101904
6.79319174413662E-5	0.992479336230687	0.392924462743637
0.000101089205199745	1.28147032658572	0.659154440444688
0.000130882251856201	1.52937731821646	0.89367277584815
0.000180882251856196	1.91428865046575	1.26335737929444
0.00023088225185619	2.2520638429808	1.59099058372802
0.000280882251856185	2.53438574951029	1.86629261260376
0.000330882251856179	2.75430266774277	2.08141092896681
0.000380882251856174	2.90639951328897	2.2304652108036
0.000430882251856168	2.98693115703104	2.30946537411281
0.000480882251856163	2.99391464263086	2.31631782039971
0.000530882251856157	2.92717801349608	2.25084155474508
0.000580882251856152	2.7883645469222	2.11476966307517
0.000630882251856146	2.58089229115172	1.91173532200673
0.000680882251856141	2.30986990168268	1.64725970694494
0.000730882251856135	1.98197084921552	1.32880613888848
0.00078088225185613	1.60526909665657	0.966117894527908
0.000830882251856124	1.18904029135525	0.572863422512995
0.000880882251856119	0.743533367882283	0.178575367279395
0.000913309280697605	0.444108133913135	0.0091695244625416
0.000936224423959575	0.229551693344673	0.000102977792486025
0.000945416923722853	0.143084712382658	-4.68362127178934E-6
0.000956451649156087	0.0391380689068274	-1.72342972238476E-5
0.000970884592881527	-0.0968712686785904	-1.73564685017613E-5
0.000999750480332351	-0.368013393573572	-1.57580676133917E-5
0.00104975048033235	-0.829241460919141	-1.36136826458522E-5
0.00109975048033234	-1.27005085140226	-1.19558179694224E-5
0.00114975048033233	-1.67958737486675	-1.03995356426356E-5
0.00119975048033233	-2.04776688293111	-8.84834618330999E-6
0.00124975048033232	-2.36552357418908	-7.28410556183334E-6
0.00129975048033232	-2.62503322432788	-5.6985008751731E-6
0.00134975048033231	-2.81990584449795	-4.09087195851754E-6
0.00139975048033231	-2.94534302404556	-2.46543623338979E-6
0.0014497504803323	-2.99825608330811	-8.29270796920412E-7
0.0014997504803323	-2.97734212715819	8.09159799608494E-7
0.00154975048033229	-2.88311612660564	2.44121953052456E-6
0.00159975048033228	-2.71789823850224	4.05930951474787E-6
0.00164975048033228	-2.48575667557983	5.658340626713E-6
0.00169975048033227	-2.19240753355122	7.2378875124457E-6
0.00174975048033227	-1.84507404186316	8.80584811668861E-6
0.00179975048033226	-1.45230870381476	1.03855228792415E-5
0.00184975048033226	-1.0237827055422	1.20312529687805E-5
0.00189975048033225	-0.570047779319194	1.38691587137085E-5
0.00194975048033225	-0.102276384889244	1.62755173546969E-5
0.00199975048033224	0.368013393572525	0.00196120163937874
0.00203590564588607	0.703096093720387	0.146839972945018
0.00206782180755744	0.991499950320631	0.392043833219787
0.00210089462316176	1.2798119227778	0.657599899536509
0.00213059079777966	1.52701353507667	0.891420008793995
0.00218059079777966	1.91217286216725	1.26131282958033
0.00223059079777965	2.25024814725339	1.58922376046293
0.00228059079777965	2.53291485480873	1.86485559910473
0.00233059079777964	2.75321279237624	2.08034361587447
0.00238059079777964	2.90571749360607	2.22979638507339
0.00243059079777963	2.98667378661987	2.30921281745165
0.00248059079777962	2.99408825880509	2.31648820558455
0.00253059079777962	2.92777834124932	2.25143038363594
0.00258059079777961	2.78937680419277	2.11576130861232
0.00263059079777961	2.58229155280615	1.91310313622186
0.0026805907977796	2.31162171325515	1.64896599870277
0.0027305907977796	1.98403207529118	1.33080139801867
0.00278059079777959	1.60758898300862	0.968336922744714
0.00283059079777959	1.19156171468244	0.575205510318962
0.00288059079777958	0.746194242374186	0.180713476674222
0.00291312675410227	0.445809379416118	0.00946927861937447
0.00293603446272678	0.231336745981767	0.000106369019379049
0.00294505451357424	0.146496366925732	-3.7000917222918E-6
0.00295612976604465	0.0421714670587267	-1.71734720041117E-5
0.00297077827229464	-0.0958697379089186	-1.73590258954331E-5
0.00300007528479462	-0.371051291223441	-1.57386039628671E-5
0.00305007528479462	-0.832182969942009	-1.36013683317282E-5
0.00310007528479461	-1.27282354208368	-1.19456433964604E-5
0.00315007528479461	-1.6821229743601	-1.03894671956706E-5
0.0032000752847946	-2.0500029563617	-8.83824100350594E-6
0.0032500752847946	-2.36740506200795	-7.27387843690863E-6
0.00330007528479459	-2.62651379806062	-5.68812619539116E-6
0.00335007528479458	-2.82094904750553	-4.08036396226663E-6
0.00340007528479458	-2.94592316920773	-2.45483348582098E-6
0.00345007528479457	-2.99835888552559	-8.18625206733259E-7
0.00350007528479457	-2.9769650550992	8.19791426298622E-7
0.00355007528479456	-2.88226846503571	2.45178309876692E-6
0.00360007528479456	-2.71660085966245	4.06976201894338E-6
0.00365007528479455	-2.48404152524296	5.66866135365274E-6
0.00370007528479455	-2.19031684441083	7.24809569607743E-6
0.00375007528479454	-1.84265929362448	8.81603481373006E-6
0.00380007528479454	-1.44962935559352	1.03959162172096E-5
0.00385007528479453	-1.02090473178385	1.20423717191454E-5
0.00390007528479452	-0.567042045289118	1.38822483604084E-5
0.00395007528479452	-0.0992169017347174	1.62974572787411E-5
0.00400007528479451	0.371051291222394	0.00209381787351742
0.00403616820190389	0.705501467219269	0.148693677385254
0.00406796560229733	0.992778926608908	0.393193883835571
0.00410114881364404	1.28197826777707	0.659630616132447
0.004130971598654	1.53010169182571	0.894363182336765
0.00418097159865399	1.91493693530135	1.26398385867911
0.00423097159865399	2.25262007611855	1.59153185549435
0.00428097159865398	2.53483623464432	1.8667327261715
0.00433097159865398	2.75463631243402	2.08173766890842
0.00438097159865397	2.90660810209782	2.23066976514739
0.00443097159865397	2.98700955380875	2.30954230468388
0.00448097159865396	2.99386091698857	2.31626509464726
0.00453097159865395	2.92699348833743	2.25066056463364
0.00458097159865395	2.78805376586898	2.11446521209307
0.00463097159865394	2.5804629066649	1.91131559205016
0.00468097159865394	2.30933248663336	1.64673626552033
0.00473097159865393	1.9813386365458	1.32819417859943
0.00478097159865393	1.60455765354056	0.965437426114233
0.00483097159865392	1.18826713588362	0.572145393873273
0.00488097159865392	0.742717537708704	0.177920823073444
0.00491336549322274	0.443584173673151	0.00907878948595303
0.00493628361226878	0.228995488139925	0.000101947768004346
0.00494552915384339	0.142028163309365	-4.97340566235627E-6
0.00495655089627112	0.0382027646009949	-1.72519340884622E-5
0.00497091289559282	-0.0971378759639794	-1.73559207822804E-5
0.00499963689423621	-0.366950931693511	-1.57647700302355E-5
0.00504963689423621	-0.828212593396339	-1.36179624343757E-5
0.0050996368942362	-1.26908091236975	-1.1959376307491E-5
0.0051496368942362	-1.67870024744254	-1.04030566863145E-5
0.00519963689423619	-2.04698441113661	-8.85187988730607E-6
0.00524963689423619	-2.36486502507673	-7.28768183044792E-6
0.00529963689423618	-2.62451481356243	-5.70212874029252E-6
0.00534963689423618	-2.81954033707296	-4.09454648897523E-6
0.00539963689423617	-2.94513941996687	-2.46914396972997E-6
0.00544963689423617	-2.99821939598387	-8.32993602095655E-7
0.00549963689423616	-2.97747325995208	8.05441790596717E-7
0.00554963689423615	-2.88341185059307	2.43752524520247E-6
0.00559963689423615	-2.71835127197718	4.05565401617736E-6
0.00564963689423614	-2.4863558633546	5.65473120550664E-6
0.00569963689423614	-2.19313812163422	7.2343175210321E-6
0.00574963689423613	-1.84591804075109	8.80228585997678E-6
0.00579963689423613	-1.45324533145394	1.03818888723683E-5
0.00584963689423612	-1.02478889905166	1.20273664512283E-5
0.00589963689423612	-0.571098762875371	1.38645859382169E-5
0.00594963689423611	-0.103346279788967	1.62679124765253E-5
0.0059996368942361	0.366950931692465	0.00191676638133548
0.00603581417536253	0.702257985734484	0.146195342245937
0.00606777246185081	0.991061000355541	0.391649209777782
0.00610080755485753	1.27906969316495	0.656904229054761
0.0061304604845116	1.52595623968952	0.890412456312122
0.0061804604845116	1.91122634435236	1.26039821714892
0.00623046048451159	2.24943571342069	1.58843321175565
0.00628046048451159	2.53225650977549	1.86421242692653
0.00633046048451158	2.7527247467821	2.07986567732596
0.00638046048451157	2.90541176475329	2.22949657192651
0.00643046048451157	2.98655790256745	2.30909910100204
0.00648046048451156	2.99416507300301	2.31656359036536
0.00653046048451156	2.92804596227709	2.25169287952326
0.00658046048451155	2.78982864233251	2.11620394941336
0.00663046048451155	2.58291648230329	1.91371402795985
0.00668046048451154	2.31240434627144	1.64972831027352
0.00673046048451154	1.98495314080436	1.33169301692653
0.00678046048451153	1.60862580132891	0.969328736352178
0.00683046048451153	1.19268875590179	0.576252610252399
0.00688046048451152	0.747383754997343	0.181670900309439
0.00691304556574923	0.446566051224918	0.00960515264534489
0.00693595103812067	0.232120655267526	0.000107900424911739
0.00694489420030403	0.148005462734792	-3.24071686572114E-6
0.00695598669245612	0.0435197663227322	-1.7144584558676E-5
0.00697072443523145	-0.0953625933250627	-1.73605114108244E-5
0.00700019992078205	-0.372216909797587	-1.57309788074156E-5
0.00705019992078204	-0.833311474196834	-1.35966026640899E-5
0.00710019992078204	-1.27388714449914	-1.19417393940058E-5
0.00715019992078203	-1.68309548551483	-1.03856037207972E-5
0.00720019992078202	-2.0508604298035	-8.83436322363096E-6
0.00725019992078202	-2.36812638389487	-7.26995377364759E-6
0.00730019992078201	-2.6270812070539	-5.68414490764724E-6
0.00735019992078201	-2.82134857211262	-4.07633156784826E-6
0.007400199920782	-2.94614497180686	-2.45076481286688E-6
0.007450199920782	-2.99839750460065	-8.14540189519875E-7
0.00750019992078199	-2.97681953972039	8.23870987876063E-7
0.00755019992078199	-2.8819423982746	2.45583645774872E-6
0.00760019992078198	-2.71610227036484	4.07377270050802E-6
0.00765019992078198	-2.48338269033209	5.67262146144998E-6
0.00770019992078197	-2.18951398658875	7.25201270102005E-6
0.00775019992078196	-1.8417321819153	8.81994382373463E-6
0.00780019992078196	-1.44860081856443	1.0399905099101E-5
0.00785019992078195	-1.01980009543002	1.20466402819819E-5
0.00790019992078195	-0.565888509423668	1.38872765689246E-5
0.00795019992078194	-0.0980428702390123	1.63059548404926E-5
0.00800019992078194	0.37221690979654	0.00214696351937965
0.00803626934294649	0.706427930015465	0.149409072632333
0.00806802184112071	0.993279085367223	0.393643717279204
0.00810124841836957	1.28282692878137	0.660426251737128
0.008131120960643	1.53131236562397	0.895517141325279
0.008181120960643	1.91602034298307	1.2650308485926
0.00823112096064299	2.25354954059099	1.59243633058956
0.00828112096064298	2.53558886940745	1.86746803827262
0.00833112096064298	2.7551935851221	2.082283411248
0.00838112096064297	2.9069562908078	2.23101122009599
0.00843112096064297	2.98714008497903	2.30967039470768
0.00848112096064296	2.99377057650852	2.31617643555859
0.00853112096064296	2.92668450068949	2.25035749705471
0.00858112096064295	2.78753373935451	2.11395577961545
0.00863112096064295	2.57974464606257	1.91061348587054
0.00868112096064294	2.30843367790295	1.64586083688023
0.00873112096064294	1.98028141134124	1.32717084086558
0.00878112096064293	1.60336804425512	0.964299656519968
0.00883112096064292	1.18697443464598	0.570945007253112
0.00888112096064292	0.741353575113571	0.176827574018532
0.00891345973131902	0.442705743829113	0.00892832991185993
0.0089363835813609	0.228056039223194	0.000100236111131996
0.00894571802521898	0.14025006361842	-5.44599478538577E-6
0.00895671745954751	0.0366330648332431	-1.72803981621922E-5
0.0089709552303841	-0.097536661899291	-1.73552826156637E-5
0.00899943077205728	-0.365022786357263	-1.57768299404171E-5
0.00904943077205728	-0.826345260993431	-1.36257029411668E-5
0.00909943077205727	-1.26732037282126	-1.19658338546547E-5
0.00914943077205727	-1.67708985107505	-1.04094463091453E-5
0.00919943077205726	-2.04556381125329	-8.85829223795653E-6
0.00924943077205725	-2.3636692015614	-7.2941713167296E-6
0.00929943077205725	-2.62357321155876	-5.70871185168187E-6
0.00934943077205724	-2.81887614194726	-4.10121434057942E-6
0.00939943077205724	-2.94476898640749	-2.47587217527823E-6
0.00944943077205723	-2.99815184529443	-8.397492639034E-7
0.00949943077205723	-2.97771025545474	7.9869471791838E-7
0.00954943077205722	-2.88394755667202	2.4308211208357E-6
0.00959943077205722	-2.71917249777085	4.04902020934017E-6
0.00964943077205721	-2.48744238755845	5.64818100201592E-6
0.0096994307720572	-2.19446319041639	7.22783896822676E-6
0.0097494307720572	-1.84744902652051	8.79582163459958E-6
0.00979943077205719	-1.45494453625992	1.03752951188252E-5
0.00984943077205719	-1.02661448283253	1.20203160165477E-5
0.00989943077205718	-0.57300577369969	1.38562940865672E-5
0.00994943077205718	-0.105287760721227	1.62541983110137E-5
0.00999943077205717	0.365022786356217	0.00183860388093615
 
