*	OSC1_Ch1	OSC1_Ch2
-0.00169029971097245	2.52748015743741	1.75216903127125
-0.00164565065178124	2.72860541384669	1.94489049328684
-0.00159565065177958	2.89006693231688	2.12428547580862
-0.00154999999999461	2.97540515415469	2.23140713575009
-0.00149999999999295	2.99874354872279	2.28916096422495
-0.00144999999999129	2.9482429248621	2.30043226283358
-0.00140000000000384	2.82514677553403	2.28862259217013
-0.00135000000000218	2.63248613646773	2.26861115691644
-0.00130000000000052	2.37500495200102	2.24601164207549
-0.00124999999999886	2.05904326342653	2.22271446179171
-0.0011999999999972	1.69238109613369	2.19935041884872
-0.00114999999999554	1.2840468895632	2.17612877058639
-0.00109999999999388	0.844095187064367	2.1531177910792
-0.00104999999999222	0.383359059668702	2.13033859218505
-0.00100000000000477	-0.0868166400717808	2.10779653065813
-0.000950000000003115	-0.554854626005787	2.08549171057254
-0.000900000000001455	-1.00923024959061	2.06342249661149
-0.000849999999999795	-1.43875527498734	2.04158668916387
-0.000799999999998136	-1.8328533705589	2.01998191723464
-0.000749999999996476	-2.18182053325572	1.9986057696949
-0.000699999999994816	-2.47706403337659	1.97745583900214
-0.000649999999993156	-2.71131399609154	1.95652973564188
-0.000599999999991496	-2.87880240988747	1.93582509277766
-0.000550000000004047	-2.97540515415456	1.91533956762831
-0.000500000000002387	-2.99874354872282	1.8950708417535
-0.000450000000000728	-2.94824292486229	1.87501662097708
-0.000399999999999068	-2.82514677553437	1.85517463519247
-0.000349999999997408	-2.63248613646823	1.83554263813173
-0.000299999999995748	-2.37500495200166	1.81611840712596
-0.000249999999994088	-2.05904326342729	1.79689974286616
-0.000199999999992428	-1.69238109613454	1.77788446916828
-0.000149999999990769	-1.28404688956414	1.75907043274414
-0.00010000000000332	-0.844095187065364	1.74045550298025
-5.00000000016598E-5	-0.38335905966973	1.72203757172803
0	0.0868166400707258	1.70381455311268
4.99999999999945E-5	0.55485462600475	1.68578438337808
9.9999999999989E-5	1.00923024958961	1.66794502081425
0.000149999999999983	1.43875527498642	1.65029444594823
0.000199999999999978	1.83285337055806	1.63283097556372
0.000249999999999972	2.18182053325499	1.61681355559552
0.000299999999999967	2.47706403337599	1.71400132094383
0.000347331614476309	2.70045471494087	1.91463981082652
0.000397331614476304	2.87162530698504	2.10238507495002
0.000440744967297124	2.96300275576559	2.21403944879592
0.000490744967297119	2.9999999736171	2.28266714813823
0.000540744967297113	2.9631272356891	2.30081765982309
0.000590744967297108	2.85329247116295	2.29178533497989
0.000640744967297102	2.673200176462	2.27268815542963
0.000690744967297097	2.42728482157382	2.25036268921694
0.000740744967297091	2.12160165868204	2.22712559985572
0.000790744967297086	1.7636776217613	2.20375038213055
0.00084074496729708	1.36232598848236	2.18049404719514
0.000890744967297075	0.927429368066259	2.15744084554445
0.000940744967297069	0.469696358646765	2.13461722698792
0.000990744967297064	0.000397866044547212	2.11203033106052
0.00104074496729706	-0.468910423340129	2.08968085485071
0.00109074496729705	-0.9266725818777	2.0675673580832
0.00114074496729705	-1.36161698599947	2.04568770309212
0.00119074496729704	-1.76303386097825	2.02403953633916
0.00124074496729704	-2.12103899112583	2.00262044930506
0.00129074496729703	-2.42681710198707	1.98142803212515
0.00134074496729702	-2.67283892165321	1.96045989134742
0.00139074496729702	-2.85304657642446	1.93971365569146
0.00144074496729701	-2.96300275576542	1.91918697779612
0.00149074496729701	-2.9999999736171	1.89887753462841
0.001540744967297	-2.96312723568926	1.87878302744752
0.001590744967297	-2.85329247116328	1.85890118162319
0.00164074496729699	-2.67320017646247	1.83922974640859
0.00169074496729699	-2.42728482157443	1.81976649470125
0.00174074496729698	-2.12160165868277	1.80050922280355
0.00179074496729698	-1.76367762176214	1.78145575018674
0.00184074496729697	-1.36232598848329	1.76260391926071
0.00189074496729696	-0.927429368067246	1.74395159515108
0.00194074496729696	-0.469696358647789	1.72549666548696
0.00199074496729695	-0.000397866045585416	1.70723704020546
0.00204074496729695	0.468910423339086	1.68917065138772
0.00209074496729694	0.926672581876696	1.6712954531647
0.00214074496729694	1.36161698599853	1.65360942182047
0.00219074496729693	1.7630338609774	1.63611061586615
0.00224074496729693	2.12103899112508	1.61909745766648
0.00229074496729692	2.42681710198645	1.68028820228966
0.00234074496729691	2.67283892165273	1.88562735045716
0.00239074496729691	2.85304657642413	2.08070630279923
0.00243295164148472	2.95061608872485	2.19775830430722
0.00248295164148471	2.99909111901596	2.27587891309696
0.0025329516414847	2.97371857254414	2.3004714427636
0.0025829516414847	2.87512320561019	2.29421779923215
0.00263295164148469	2.70573276336728	2.27605155650387
0.00268295164148469	2.46971820067807	2.25401064100801
0.00273295164148468	2.1728909793634	2.23084212542637
0.00278295164148468	1.8225599707251	2.20746343230202
0.00283295164148467	1.4273514868778	2.18417979367851
0.00288295164148467	0.996996872315588	2.16109159980068
0.00293295164148466	0.542092885914054	2.13823068923021
0.00298295164148465	0.0738407735581779	2.11560600253579
0.00303295164148465	-0.396229543706178	2.09321883645129
0.00308295164148464	-0.856543374594026	2.07106794847989
0.00313295164148464	-1.29576626489489	2.04915126432952
0.00318295164148463	-1.70308308935238	2.02746644890399
0.00323295164148463	-2.06846435594129	2.00601109712523
0.00328295164148462	-2.38291316524733	1.98478279758109
0.00333295164148462	-2.6386867439896	1.9637791536324
0.00338295164148461	-2.82948709779563	1.94299779029173
0.0034329516414846	-2.95061608872466	1.92243635634526
0.0034829516414846	-2.99909111901593	1.90209252488634
0.00353295164148459	-2.97371857254428	1.88196399332073
0.00358295164148459	-2.87512320561049	1.8620484831983
0.00363295164148458	-2.70573276336773	1.84234373998981
0.00368295164148458	-2.46971820067866	1.82284753284863
0.00373295164148457	-2.17289097936411	1.80355765437093
0.00378295164148457	-1.82255997072592	1.784471920359
0.00383295164148456	-1.42735148687871	1.76558816958995
0.00388295164148456	-0.996996872316567	1.74690426359156
0.00393295164148455	-0.542092885915074	1.72841808642805
0.00398295164148454	-0.0738407735592158	1.71012754450128
0.00403295164148454	0.396229543705131	1.69203056638028
0.00408295164148453	0.856543374593015	1.67412510269161
0.00413295164148453	1.29576626489394	1.65640912617229
0.00418295164148452	1.70308308935151	1.63888064646946
0.00422959763261616	2.04545435377032	1.62274211215811
0.00427959763261615	2.3635770519767	1.64581225503716
0.00432959763261614	2.62350063890092	1.83675273141154
0.00437557849285514	2.80563625716875	2.02820788159169
0.00441734337526967	2.92049877628624	2.16098709591232
0.00446734337526966	2.99186699666983	2.25835062199127
0.00451734337526966	2.98956552215814	2.29738373302102
0.00456734337526965	2.91365102269181	2.29809752806663
0.00461734337526964	2.76599276519347	2.28234999300491
0.00466734337526964	2.55022658601239	2.26106803511818
0.00471734337526963	2.27166536456692	2.23810096712138
0.00476734337526963	1.93716820262071	2.21473783301369
0.00481734337526962	1.55497153043332	2.19140806607861
0.00486734337526962	1.13448629851204	2.16825371278969
0.00491734337526961	0.686066248777236	2.14532046597579
0.00496734337526961	0.220752971074203	2.12262190763646
0.0050173433752696	-0.249995977413783	2.1001608816075
0.00506734337526959	-0.714589195248762	2.07793665740816
0.00511734337526959	-1.16158685551115	2.05594732655847
0.00516734337526958	-1.57998239230511	2.03419060401935
0.00521734337526958	-1.9594735189396	2.01266409610542
0.00526734337526957	-2.29071590441803	1.99136538992103
0.00531734337526957	-2.56555326187949	1.9702920830933
0.00536734337526956	-2.77721818345037	1.94944179353569
0.00541734337526956	-2.920498776286	1.92881216253396
0.00546734337526955	-2.99186699666975	1.90840085560133
0.00551734337526955	-2.98956552215823	1.88820556259036
0.00556734337526954	-2.91365102269205	1.8682239975593
0.00561734337526953	-2.76599276519387	1.84845389855949
0.00566734337526953	-2.55022658601294	1.82889302739961
0.00571734337526952	-2.27166536456759	1.80953916940554
0.00576734337526952	-1.9371682026215	1.79039013318245
0.00581734337526951	-1.55497153043421	1.77144375038162
0.00586734337526951	-1.134486298513	1.75269787547386
0.0059173433752695	-0.686066248778247	1.73415038553174
0.0059673433752695	-0.220752971075237	1.71579918002509
0.00601734337526949	0.249995977412732	1.69764218063957
0.00606734337526948	0.714589195247738	1.67967733114215
0.00611734337526948	1.16158685551018	1.66190259736241
0.00616734337526947	1.57998239230421	1.64431596827364
0.00621143458171025	1.91696937188709	1.62896429548462
0.00626143458171025	2.25436361001658	1.61799046816805
0.00631143458171024	2.5362479342636	1.75924109161645
0.00635526327143177	2.73217417530393	1.94886776189435
0.00640526327143176	2.8923653992296	2.12711129156736
0.00645137387122652	2.97703206731492	2.23381952147018
0.00650137387122651	2.99834090488894	2.28998975242134
0.00655137387122651	2.94582063846166	2.30030923203153
0.0066013738712265	2.82076449129729	2.28812973197192
0.0066513738712265	2.62625176077657	2.26799774183178
0.00670137387122649	2.36707199587566	2.2453626264632
0.00675137387122648	2.04960706257475	2.22205823191997
0.00680137387122648	1.68167400113741	2.19869601430746
0.00685137387122647	1.27233254463604	2.17547968088824
0.00690137387122647	0.831662038256125	2.15247503161664
0.00695137387122646	0.370513252366285	2.12970245452103
0.00700137387122646	-0.0997587994597967	2.10716706469356
0.00705137387122645	-0.567574458562705	2.08486888586755
0.00710137387122645	-1.02141455082417	2.06280625634625
0.00715137387122644	-1.4501040269638	2.04097696818462
0.00720137387122644	-1.84308712934025	2.01937864808517
0.00725137387122643	-2.19068730973687	1.99800888462902
0.00730137387122642	-2.48434549809342	1.97686527065169
0.00735137387122642	-2.71683085521693	1.95594541723508
0.00740137387122641	-2.88241882004036	1.9352469582071
0.00745137387122641	-2.97703206731479	1.91476755146876
0.0075013738712264	-2.99834090488898	1.89450487926296
0.0075513738712264	-2.94582063846186	1.87445664809237
0.00760137387122639	-2.82076449129764	1.85462058852301
0.00765137387122639	-2.62625176077707	1.83499445495292
0.00770137387122638	-2.3670719958763	1.81557602537237
0.00775137387122637	-2.04960706257551	1.79636310112492
0.00780137387122637	-1.68167400113827	1.77735350667251
0.00785137387122636	-1.27233254463698	1.75854508936663
0.00790137387122636	-0.831662038257123	1.73993571922736
0.00795137387122635	-0.370513252367314	1.72152328873402
0.00800137387122635	0.0997587994587419	1.70330571263469
0.00805137387122634	0.567574458561669	1.68528092779258
0.00810137387122634	1.02141455082318	1.66744689311703
0.00815137387122633	1.45010402696288	1.64980158977255
0.00820137387122632	1.84308712933942	1.63234342169481
0.00825137387122632	2.19068730973614	1.61661983963719
0.00830137387122631	2.48434549809283	1.71925941745979
0.00834820846030793	2.70404410474921	1.91850157219938
0.00839820846030792	2.87400602752073	2.10521218100751
0.00844187537319524	2.96465208911845	2.21627821566089
0.00849187537319523	2.99998246923611	2.28354792269633
0.00854187537319523	2.9614433245902	2.30081162178458
0.00859187537319522	2.84998361682599	2.29141086166097
0.00864187537319522	2.6683478538622	2.27219151264979
0.00869187537319521	2.42100851099753	2.24982908694213
0.00874187537319521	2.11405590372553	2.22658351674453
0.0087918753731952	1.75504822395452	2.20320930942405
0.0088418753731952	1.35282543223865	2.17995711970196
0.00889187537319519	0.91729158861087	2.15690907119788
0.00894187537319518	0.459170981755252	2.13409090323115
0.00899187537319518	-0.0102559385722984	2.11150951798388
0.00904187537319517	-0.47943032365469	2.08916553355859
0.00909187537319517	-0.936799543030685	2.0670574836677
0.00914187537319516	-1.37110164859784	2.04518322234966
0.00919187537319516	-1.77164268115103	2.02354039369278
0.00924187537319515	-2.12855999114934	2.00212658878122
0.00929187537319515	-2.43306508987997	1.98093939801068
0.00934187537319514	-2.67766005121768	1.95997642840511
0.00939187537319514	-2.85632213545021	1.93923530922797
0.00944187537319513	-2.96465208911829	1.91871369368059
0.00949187537319512	-2.99998246923611	1.89840925929466
0.00954187537319512	-2.96144332459037	1.87831970789078
0.00959187537319511	-2.84998361682632	1.85844276539517
0.00964187537319511	-2.66834785386268	1.83877618161196
0.0096918753731951	-2.42100851099815	1.81931772998407
0.0097418753731951	-2.11405590372626	1.80006520735374
0.00979187537319509	-1.75504822395536	1.78101643372668
0.00984187537319509	-1.35282543223958	1.76216925204193
0.00989187537319508	-0.917291588611859	1.74352152794925
0.00994187537319507	-0.459170981756276	1.72507114959706
0.00999187537319507	0.0102559385712436	1.70681602743754
 
