x-axis	1	2
-2.5E-03	-3.034773804E+00	-3.5276368E-02
-2.4975E-03	-3.034773804E+00	4.924636E-03
-2.495E-03	-3.115175813E+00	-1.5175866E-02
-2.4925E-03	-3.115175813E+00	3.507539E-02
-2.49E-03	-3.115175813E+00	4.924636E-03
-2.4875E-03	-3.054874307E+00	-2.5226117E-02
-2.485E-03	-3.074974809E+00	-1.5175866E-02
-2.4825E-03	-3.115175813E+00	-5.125615E-03
-2.48E-03	-3.034773804E+00	4.924636E-03
-2.4775E-03	-3.155376818E+00	4.924636E-03
-2.475E-03	-3.074974809E+00	4.924636E-03
-2.4725E-03	-3.034773804E+00	-2.5226117E-02
-2.47E-03	-3.115175813E+00	4.924636E-03
-2.4675E-03	-3.17547732E+00	-2.5226117E-02
-2.465E-03	-3.074974809E+00	4.924636E-03
-2.4625E-03	-3.095075311E+00	4.924636E-03
-2.46E-03	-3.034773804E+00	4.924636E-03
-2.4575E-03	-3.095075311E+00	-3.5276368E-02
-2.455E-03	-3.074974809E+00	4.924636E-03
-2.4525E-03	-3.034773804E+00	4.924636E-03
-2.45E-03	-3.034773804E+00	4.924636E-03
-2.4475E-03	-3.095075311E+00	4.924636E-03
-2.445E-03	-3.074974809E+00	-1.5175866E-02
-2.4425E-03	-3.095075311E+00	4.924636E-03
-2.44E-03	-3.115175813E+00	4.924636E-03
-2.4375E-03	-2.974472297E+00	4.924636E-03
-2.435E-03	-3.034773804E+00	4.924636E-03
-2.4325E-03	-2.974472297E+00	4.924636E-03
-2.43E-03	-3.034773804E+00	4.924636E-03
-2.4275E-03	-3.034773804E+00	4.924636E-03
-2.425E-03	-2.9945728E+00	-1.5175866E-02
-2.4225E-03	-3.034773804E+00	4.924636E-03
-2.42E-03	-3.115175813E+00	4.924636E-03
-2.4175E-03	-3.034773804E+00	-5.125615E-03
-2.415E-03	-3.034773804E+00	-1.5175866E-02
-2.4125E-03	-3.034773804E+00	-2.5226117E-02
-2.41E-03	-3.034773804E+00	4.924636E-03
-2.4075E-03	-3.014673302E+00	4.924636E-03
-2.405E-03	-3.034773804E+00	4.924636E-03
-2.4025E-03	-3.034773804E+00	4.924636E-03
-2.4E-03	-2.954371795E+00	4.924636E-03
-2.3975E-03	-2.974472297E+00	4.924636E-03
-2.395E-03	-2.9945728E+00	4.924636E-03
-2.3925E-03	-3.014673302E+00	-5.125615E-03
-2.39E-03	-3.034773804E+00	4.924636E-03
-2.3875E-03	-2.974472297E+00	-2.5226117E-02
-2.385E-03	-2.954371795E+00	-1.5175866E-02
-2.3825E-03	-2.873969786E+00	4.924636E-03
-2.38E-03	-2.873969786E+00	-3.5276368E-02
-2.3775E-03	-2.934271293E+00	-3.5276368E-02
-2.375E-03	-2.954371795E+00	4.924636E-03
-2.3725E-03	-2.873969786E+00	-5.125615E-03
-2.37E-03	-2.873969786E+00	-3.5276368E-02
-2.3675E-03	-2.873969786E+00	4.924636E-03
-2.365E-03	-2.873969786E+00	4.924636E-03
-2.3625E-03	-2.873969786E+00	4.924636E-03
-2.36E-03	-2.873969786E+00	4.924636E-03
-2.3575E-03	-2.813668279E+00	-5.125615E-03
-2.355E-03	-2.833768781E+00	4.924636E-03
-2.3525E-03	-2.853869284E+00	4.924636E-03
-2.35E-03	-2.793567777E+00	4.924636E-03
-2.3475E-03	-2.813668279E+00	4.924636E-03
-2.345E-03	-2.833768781E+00	-1.5175866E-02
-2.3425E-03	-2.793567777E+00	4.924636E-03
-2.34E-03	-2.793567777E+00	4.924636E-03
-2.3375E-03	-2.793567777E+00	-5.125615E-03
-2.335E-03	-2.753366772E+00	-3.5276368E-02
-2.3325E-03	-2.793567777E+00	-2.5226117E-02
-2.33E-03	-2.793567777E+00	4.924636E-03
-2.3275E-03	-2.713165767E+00	4.924636E-03
-2.325E-03	-2.833768781E+00	-1.5175866E-02
-2.3225E-03	-2.652864261E+00	-2.5226117E-02
-2.32E-03	-2.713165767E+00	4.924636E-03
-2.3175E-03	-2.693065265E+00	-5.125615E-03
-2.315E-03	-2.632763758E+00	4.924636E-03
-2.3125E-03	-2.632763758E+00	4.924636E-03
-2.31E-03	-2.713165767E+00	4.924636E-03
-2.3075E-03	-2.632763758E+00	-3.5276368E-02
-2.305E-03	-2.632763758E+00	4.924636E-03
-2.3025E-03	-2.612663256E+00	4.924636E-03
-2.3E-03	-2.632763758E+00	4.924636E-03
-2.2975E-03	-2.612663256E+00	-5.125615E-03
-2.295E-03	-2.592562754E+00	4.924636E-03
-2.2925E-03	-2.612663256E+00	4.924636E-03
-2.29E-03	-2.632763758E+00	4.924636E-03
-2.2875E-03	-2.552361749E+00	-2.5226117E-02
-2.285E-03	-2.512160745E+00	-1.5175866E-02
-2.2825E-03	-2.532261247E+00	4.924636E-03
-2.28E-03	-2.552361749E+00	-3.5276368E-02
-2.2775E-03	-2.532261247E+00	4.924636E-03
-2.275E-03	-2.47195974E+00	4.924636E-03
-2.2725E-03	-2.47195974E+00	4.924636E-03
-2.27E-03	-2.391557731E+00	4.924636E-03
-2.2675E-03	-2.451859238E+00	-2.5226117E-02
-2.265E-03	-2.391557731E+00	-1.5175866E-02
-2.2625E-03	-2.391557731E+00	4.924636E-03
-2.26E-03	-2.391557731E+00	-3.5276368E-02
-2.2575E-03	-2.311155722E+00	4.924636E-03
-2.255E-03	-2.391557731E+00	-1.5175866E-02
-2.2525E-03	-2.371457228E+00	-2.5226117E-02
-2.25E-03	-2.311155722E+00	4.924636E-03
-2.2475E-03	-2.250854215E+00	4.924636E-03
-2.245E-03	-2.230753712E+00	4.924636E-03
-2.2425E-03	-2.311155722E+00	4.924636E-03
-2.24E-03	-2.230753712E+00	-3.5276368E-02
-2.2375E-03	-2.230753712E+00	3.507539E-02
-2.235E-03	-2.230753712E+00	4.924636E-03
-2.2325E-03	-2.170452205E+00	4.924636E-03
-2.23E-03	-2.150351703E+00	4.924636E-03
-2.2275E-03	-2.150351703E+00	-5.125615E-03
-2.225E-03	-2.150351703E+00	4.924636E-03
-2.2225E-03	-2.150351703E+00	4.924636E-03
-2.22E-03	-2.069949694E+00	4.924636E-03
-2.2175E-03	-2.069949694E+00	4.924636E-03
-2.215E-03	-2.029748689E+00	-1.5175866E-02
-2.2125E-03	-2.069949694E+00	4.924636E-03
-2.21E-03	-2.069949694E+00	4.924636E-03
-2.2075E-03	-2.009648187E+00	4.924636E-03
-2.205E-03	-2.029748689E+00	4.924636E-03
-2.2025E-03	-1.989547685E+00	4.924636E-03
-2.2E-03	-2.069949694E+00	4.924636E-03
-2.1975E-03	-1.929246178E+00	4.924636E-03
-2.195E-03	-1.94934668E+00	2.5025139E-02
-2.1925E-03	-1.929246178E+00	4.924636E-03
-2.19E-03	-1.909145676E+00	4.924636E-03
-2.1875E-03	-1.909145676E+00	4.924636E-03
-2.185E-03	-1.828743666E+00	4.924636E-03
-2.1825E-03	-1.828743666E+00	-5.125615E-03
-2.18E-03	-1.748341657E+00	4.924636E-03
-2.1775E-03	-1.748341657E+00	-2.5226117E-02
-2.175E-03	-1.788542662E+00	4.924636E-03
-2.1725E-03	-1.68804015E+00	-2.5226117E-02
-2.17E-03	-1.748341657E+00	4.924636E-03
-2.1675E-03	-1.748341657E+00	4.924636E-03
-2.165E-03	-1.708140653E+00	-1.5175866E-02
-2.1625E-03	-1.667939648E+00	-3.5276368E-02
-2.16E-03	-1.667939648E+00	4.924636E-03
-2.1575E-03	-1.587537639E+00	1.4974887E-02
-2.155E-03	-1.587537639E+00	4.924636E-03
-2.1525E-03	-1.567437137E+00	4.924636E-03
-2.15E-03	-1.587537639E+00	4.924636E-03
-2.1475E-03	-1.567437137E+00	4.924636E-03
-2.145E-03	-1.547336634E+00	4.924636E-03
-2.1425E-03	-1.487035127E+00	-5.125615E-03
-2.14E-03	-1.50713563E+00	-3.5276368E-02
-2.1375E-03	-1.446834123E+00	4.924636E-03
-2.135E-03	-1.50713563E+00	4.924636E-03
-2.1325E-03	-1.42673362E+00	-5.125615E-03
-2.13E-03	-1.42673362E+00	4.924636E-03
-2.1275E-03	-1.406633118E+00	4.924636E-03
-2.125E-03	-1.386532616E+00	4.924636E-03
-2.1225E-03	-1.346331611E+00	4.924636E-03
-2.12E-03	-1.346331611E+00	4.924636E-03
-2.1175E-03	-1.265929602E+00	-5.125615E-03
-2.115E-03	-1.265929602E+00	-1.5175866E-02
-2.1125E-03	-1.265929602E+00	4.924636E-03
-2.11E-03	-1.265929602E+00	4.924636E-03
-2.1075E-03	-1.185527593E+00	3.507539E-02
-2.105E-03	-1.105125584E+00	-1.5175866E-02
-2.1025E-03	-1.125226086E+00	4.924636E-03
-2.1E-03	-1.105125584E+00	4.5125641E-02
-2.0975E-03	-1.165427091E+00	4.924636E-03
-2.095E-03	-1.064924579E+00	-1.5175866E-02
-2.0925E-03	-1.024723575E+00	4.924636E-03
-2.09E-03	-1.024723575E+00	-3.5276368E-02
-2.0875E-03	-1.024723575E+00	4.924636E-03
-2.085E-03	-1.024723575E+00	4.924636E-03
-2.0825E-03	-9.44321565E-01	4.924636E-03
-2.08E-03	-9.44321565E-01	4.5125641E-02
-2.0775E-03	-1.004623072E+00	4.924636E-03
-2.075E-03	-8.63919556E-01	4.924636E-03
-2.0725E-03	-8.84020058E-01	4.924636E-03
-2.07E-03	-8.63919556E-01	4.924636E-03
-2.0675E-03	-8.63919556E-01	4.924636E-03
-2.065E-03	-8.63919556E-01	-1.5175866E-02
-2.0625E-03	-8.63919556E-01	-5.125615E-03
-2.06E-03	-7.83517547E-01	4.924636E-03
-2.0575E-03	-7.03115538E-01	4.924636E-03
-2.055E-03	-7.43316542E-01	-1.5175866E-02
-2.0525E-03	-7.2321604E-01	-2.5226117E-02
-2.05E-03	-7.03115538E-01	4.924636E-03
-2.0475E-03	-6.83015035E-01	-5.125615E-03
-2.045E-03	-7.03115538E-01	4.924636E-03
-2.0425E-03	-6.22713529E-01	4.924636E-03
-2.04E-03	-5.42311519E-01	4.924636E-03
-2.0375E-03	-4.82010012E-01	4.924636E-03
-2.035E-03	-5.82512524E-01	-1.5175866E-02
-2.0325E-03	-4.82010013E-01	4.924636E-03
-2.03E-03	-5.42311519E-01	4.924636E-03
-2.0275E-03	-5.42311519E-01	-3.5276368E-02
-2.025E-03	-4.6190951E-01	-1.5175866E-02
-2.0225E-03	-4.41809008E-01	-5.125615E-03
-2.02E-03	-4.6190951E-01	4.924636E-03
-2.0175E-03	-4.41809008E-01	4.924636E-03
-2.015E-03	-3.81507501E-01	-3.5276368E-02
-2.0125E-03	-3.41306496E-01	-3.5276368E-02
-2.01E-03	-3.81507501E-01	4.924636E-03
-2.0075E-03	-3.01105492E-01	4.924636E-03
-2.005E-03	-3.01105492E-01	4.924636E-03
-2.0025E-03	-2.20703483E-01	4.924636E-03
-2E-03	-2.20703483E-01	4.924636E-03
-1.9975E-03	-2.20703483E-01	4.924636E-03
-1.995E-03	-1.80502478E-01	-1.5175866E-02
-1.9925E-03	-1.60401976E-01	-2.5226117E-02
-1.99E-03	-5.9899464E-02	-3.5276368E-02
-1.9875E-03	-5.9899464E-02	4.924636E-03
-1.985E-03	-5.9899464E-02	-1.5175866E-02
-1.9825E-03	2.0502545E-02	-2.5226117E-02
-1.98E-03	2.0502545E-02	4.924636E-03
-1.9775E-03	-3.9798962E-02	-2.5226117E-02
-1.975E-03	-5.9899464E-02	4.924636E-03
-1.9725E-03	2.0502545E-02	4.924636E-03
-1.97E-03	1.00904554E-01	4.924636E-03
-1.9675E-03	2.0502545E-02	4.924636E-03
-1.965E-03	1.00904554E-01	4.924636E-03
-1.9625E-03	1.21005056E-01	-5.125615E-03
-1.96E-03	1.00904554E-01	4.924636E-03
-1.9575E-03	2.4160807E-01	-2.5226117E-02
-1.955E-03	2.21507568E-01	-1.5175866E-02
-1.9525E-03	2.4160807E-01	4.924636E-03
-1.95E-03	2.61708572E-01	4.924636E-03
-1.9475E-03	3.42110582E-01	-5.125615E-03
-1.945E-03	2.61708572E-01	4.924636E-03
-1.9425E-03	3.82311586E-01	4.924636E-03
-1.94E-03	3.42110582E-01	4.924636E-03
-1.9375E-03	3.82311586E-01	4.924636E-03
-1.935E-03	4.62713596E-01	4.924636E-03
-1.9325E-03	4.22512591E-01	4.924636E-03
-1.93E-03	3.42110582E-01	4.5125641E-02
-1.9275E-03	5.029146E-01	3.507539E-02
-1.925E-03	4.62713596E-01	4.924636E-03
-1.9225E-03	5.029146E-01	4.5125641E-02
-1.92E-03	5.029146E-01	4.5125641E-02
-1.9175E-03	5.83316609E-01	4.5125641E-02
-1.915E-03	5.43115605E-01	8.5326646E-02
-1.9125E-03	6.43618116E-01	8.5326646E-02
-1.91E-03	6.63718618E-01	8.5326646E-02
-1.9075E-03	6.43618116E-01	1.2552765E-01
-1.905E-03	6.63718618E-01	1.2552765E-01
-1.9025E-03	6.63718618E-01	1.65728655E-01
-1.9E-03	7.44120628E-01	2.05929659E-01
-1.8975E-03	6.83819121E-01	1.55678404E-01
-1.895E-03	7.03919623E-01	1.85829157E-01
-1.8925E-03	8.04422135E-01	2.36080413E-01
-1.89E-03	7.44120628E-01	2.86331668E-01
-1.8875E-03	7.44120628E-01	2.05929659E-01
-1.885E-03	7.44120628E-01	2.86331668E-01
-1.8825E-03	8.24522637E-01	2.86331668E-01
-1.88E-03	8.24522637E-01	2.86331668E-01
-1.8775E-03	8.44623139E-01	3.26532673E-01
-1.875E-03	8.64723641E-01	3.26532673E-01
-1.8725E-03	9.65226153E-01	3.76783929E-01
-1.87E-03	9.04924646E-01	3.66733678E-01
-1.8675E-03	9.85326655E-01	4.06934682E-01
-1.865E-03	9.45125651E-01	4.06934682E-01
-1.8625E-03	9.85326655E-01	4.06934682E-01
-1.86E-03	1.065728664E+00	4.47135687E-01
-1.8575E-03	1.065728664E+00	4.87336691E-01
-1.855E-03	1.02552766E+00	4.47135687E-01
-1.8525E-03	1.126030171E+00	5.17487445E-01
-1.85E-03	1.146130674E+00	5.27537696E-01
-1.8475E-03	1.146130674E+00	5.67738701E-01
-1.845E-03	1.146130674E+00	5.47638198E-01
-1.8425E-03	1.166231176E+00	5.97889454E-01
-1.84E-03	1.226532683E+00	6.07939705E-01
-1.8375E-03	1.166231176E+00	6.07939705E-01
-1.835E-03	1.226532683E+00	6.4814071E-01
-1.8325E-03	1.246633185E+00	6.17989956E-01
-1.83E-03	1.306934692E+00	6.88341714E-01
-1.8275E-03	1.306934692E+00	6.98391966E-01
-1.825E-03	1.266733687E+00	6.88341714E-01
-1.8225E-03	1.306934692E+00	6.98391966E-01
-1.82E-03	1.46773871E+00	7.68743724E-01
-1.8175E-03	1.306934692E+00	7.58693472E-01
-1.815E-03	1.387336701E+00	7.68743724E-01
-1.8125E-03	1.447638208E+00	8.08944728E-01
-1.81E-03	1.46773871E+00	8.49145733E-01
-1.8075E-03	1.46773871E+00	8.18994979E-01
-1.805E-03	1.427537706E+00	8.49145733E-01
-1.8025E-03	1.46773871E+00	8.49145733E-01
-1.8E-03	1.54814072E+00	8.89346737E-01
-1.7975E-03	1.528040217E+00	8.89346737E-01
-1.795E-03	1.54814072E+00	9.0944724E-01
-1.7925E-03	1.568241222E+00	9.39597993E-01
-1.79E-03	1.54814072E+00	9.69748747E-01
-1.7875E-03	1.628542729E+00	9.69748747E-01
-1.785E-03	1.588341724E+00	9.69748747E-01
-1.7825E-03	1.608442226E+00	1.009949751E+00
-1.78E-03	1.708944738E+00	1.050150756E+00
-1.7775E-03	1.628542729E+00	1.040100505E+00
-1.775E-03	1.668743733E+00	1.070251258E+00
-1.7725E-03	1.769246245E+00	1.09035176E+00
-1.77E-03	1.708944738E+00	1.09035176E+00
-1.7675E-03	1.829547752E+00	1.130552765E+00
-1.765E-03	1.749145743E+00	1.09035176E+00
-1.7625E-03	1.789346747E+00	1.130552765E+00
-1.76E-03	1.708944738E+00	1.17075377E+00
-1.7575E-03	1.789346747E+00	1.200904523E+00
-1.755E-03	1.829547752E+00	1.17075377E+00
-1.7525E-03	1.849648254E+00	1.210954774E+00
-1.75E-03	1.789346747E+00	1.210954774E+00
-1.7475E-03	1.869748756E+00	1.210954774E+00
-1.745E-03	1.869748756E+00	1.251155779E+00
-1.7425E-03	1.849648254E+00	1.271256281E+00
-1.74E-03	1.950150765E+00	1.291356783E+00
-1.7375E-03	1.889849259E+00	1.281306532E+00
-1.735E-03	1.909949761E+00	1.311457286E+00
-1.7325E-03	1.950150765E+00	1.331557788E+00
-1.73E-03	1.950150766E+00	1.331557788E+00
-1.7275E-03	2.010452272E+00	1.331557788E+00
-1.725E-03	1.99035177E+00	1.371758793E+00
-1.7225E-03	2.010452272E+00	1.371758793E+00
-1.72E-03	2.030552775E+00	1.411959797E+00
-1.7175E-03	2.070753779E+00	1.381809044E+00
-1.715E-03	2.030552775E+00	1.432060299E+00
-1.7125E-03	2.030552775E+00	1.442110551E+00
-1.71E-03	2.191356793E+00	1.452160802E+00
-1.7075E-03	2.110954784E+00	1.432060299E+00
-1.705E-03	2.110954784E+00	1.472261304E+00
-1.7025E-03	2.110954784E+00	1.482311555E+00
-1.7E-03	2.110954784E+00	1.492361806E+00
-1.6975E-03	2.110954784E+00	1.492361806E+00
-1.695E-03	2.151155788E+00	1.552663313E+00
-1.6925E-03	2.171256291E+00	1.562713564E+00
-1.69E-03	2.191356793E+00	1.572763816E+00
-1.6875E-03	2.171256291E+00	1.572763816E+00
-1.685E-03	2.271758802E+00	1.572763816E+00
-1.6825E-03	2.191356793E+00	1.572763816E+00
-1.68E-03	2.191356793E+00	1.572763816E+00
-1.6775E-03	2.271758802E+00	1.623015071E+00
-1.675E-03	2.311959807E+00	1.653165825E+00
-1.6725E-03	2.2516583E+00	1.623015071E+00
-1.67E-03	2.352160811E+00	1.693366829E+00
-1.6675E-03	2.332060309E+00	1.693366829E+00
-1.665E-03	2.271758802E+00	1.693366829E+00
-1.6625E-03	2.332060309E+00	1.693366829E+00
-1.66E-03	2.352160811E+00	1.733567834E+00
-1.6575E-03	2.352160811E+00	1.723517583E+00
-1.655E-03	2.392361816E+00	1.693366829E+00
-1.6525E-03	2.352160811E+00	1.733567834E+00
-1.65E-03	2.352160811E+00	1.733567834E+00
-1.6475E-03	2.392361816E+00	1.743618085E+00
-1.645E-03	2.352160811E+00	1.773768838E+00
-1.6425E-03	2.412462318E+00	1.773768838E+00
-1.64E-03	2.51296483E+00	1.813969843E+00
-1.6375E-03	2.472763825E+00	1.813969843E+00
-1.635E-03	2.472763825E+00	1.793869341E+00
-1.6325E-03	2.452663323E+00	1.813969843E+00
-1.63E-03	2.432562821E+00	1.813969843E+00
-1.6275E-03	2.452663323E+00	1.844120597E+00
-1.625E-03	2.553165834E+00	1.87427135E+00
-1.6225E-03	2.492864327E+00	1.854170848E+00
-1.62E-03	2.51296483E+00	1.854170848E+00
-1.6175E-03	2.533065332E+00	1.884321601E+00
-1.615E-03	2.51296483E+00	1.87427135E+00
-1.6125E-03	2.51296483E+00	1.864221099E+00
-1.61E-03	2.593366839E+00	1.934572857E+00
-1.6075E-03	2.533065332E+00	1.934572857E+00
-1.605E-03	2.553165834E+00	1.914472355E+00
-1.6025E-03	2.573266337E+00	1.934572857E+00
-1.6E-03	2.593366839E+00	1.934572857E+00
-1.5975E-03	2.593366839E+00	1.934572857E+00
-1.595E-03	2.593366839E+00	1.954673359E+00
-1.5925E-03	2.593366839E+00	1.974773861E+00
-1.59E-03	2.593366839E+00	1.974773861E+00
-1.5875E-03	2.613467341E+00	1.974773861E+00
-1.585E-03	2.633567844E+00	1.994874364E+00
-1.5825E-03	2.553165834E+00	1.984824113E+00
-1.58E-03	2.593366839E+00	2.014974866E+00
-1.5775E-03	2.673768848E+00	1.984824113E+00
-1.575E-03	2.713969853E+00	1.994874364E+00
-1.5725E-03	2.593366839E+00	2.004924615E+00
-1.57E-03	2.593366839E+00	2.055175871E+00
-1.5675E-03	2.673768848E+00	2.04512562E+00
-1.565E-03	2.713969853E+00	2.055175871E+00
-1.5625E-03	2.673768848E+00	2.014974866E+00
-1.56E-03	2.673768848E+00	2.055175871E+00
-1.5575E-03	2.613467341E+00	2.025025117E+00
-1.555E-03	2.713969853E+00	2.055175871E+00
-1.5525E-03	2.673768848E+00	2.055175871E+00
-1.55E-03	2.673768848E+00	2.055175871E+00
-1.5475E-03	2.673768848E+00	2.055175871E+00
-1.545E-03	2.713969853E+00	2.055175871E+00
-1.5425E-03	2.673768848E+00	2.055175871E+00
-1.54E-03	2.754170857E+00	2.095376875E+00
-1.5375E-03	2.754170857E+00	2.125527629E+00
-1.535E-03	2.713969853E+00	2.095376875E+00
-1.5325E-03	2.693869351E+00	2.065226122E+00
-1.53E-03	2.673768848E+00	2.095376875E+00
-1.5275E-03	2.754170857E+00	2.095376875E+00
-1.525E-03	2.754170857E+00	2.075276373E+00
-1.5225E-03	2.754170857E+00	2.105427126E+00
-1.52E-03	2.754170857E+00	2.095376875E+00
-1.5175E-03	2.754170857E+00	2.085326624E+00
-1.515E-03	2.794371862E+00	2.095376875E+00
-1.5125E-03	2.754170857E+00	2.125527629E+00
-1.51E-03	2.754170857E+00	2.13557788E+00
-1.5075E-03	2.734070355E+00	2.105427126E+00
-1.505E-03	2.713969853E+00	2.095376875E+00
-1.5025E-03	2.734070355E+00	2.125527629E+00
-1.5E-03	2.834572867E+00	2.095376875E+00
-1.4975E-03	2.77427136E+00	2.125527629E+00
-1.495E-03	2.754170857E+00	2.115477378E+00
-1.4925E-03	2.754170857E+00	2.13557788E+00
-1.49E-03	2.754170857E+00	2.13557788E+00
-1.4875E-03	2.754170857E+00	2.095376875E+00
-1.485E-03	2.713969853E+00	2.13557788E+00
-1.4825E-03	2.754170857E+00	2.13557788E+00
-1.48E-03	2.834572866E+00	2.13557788E+00
-1.4775E-03	2.754170857E+00	2.095376875E+00
-1.475E-03	2.754170857E+00	2.13557788E+00
-1.4725E-03	2.754170857E+00	2.13557788E+00
-1.47E-03	2.754170857E+00	2.13557788E+00
-1.4675E-03	2.754170857E+00	2.13557788E+00
-1.465E-03	2.794371862E+00	2.13557788E+00
-1.4625E-03	2.754170857E+00	2.105427126E+00
-1.46E-03	2.754170857E+00	2.095376875E+00
-1.4575E-03	2.754170857E+00	2.105427126E+00
-1.455E-03	2.794371862E+00	2.115477378E+00
-1.4525E-03	2.754170857E+00	2.105427126E+00
-1.45E-03	2.754170857E+00	2.095376875E+00
-1.4475E-03	2.754170857E+00	2.095376875E+00
-1.445E-03	2.713969853E+00	2.13557788E+00
-1.4425E-03	2.754170857E+00	2.125527629E+00
-1.44E-03	2.834572867E+00	2.095376875E+00
-1.4375E-03	2.734070355E+00	2.095376875E+00
-1.435E-03	2.673768848E+00	2.115477378E+00
-1.4325E-03	2.693869351E+00	2.085326624E+00
-1.43E-03	2.673768848E+00	2.095376875E+00
-1.4275E-03	2.69386935E+00	2.095376875E+00
-1.425E-03	2.754170857E+00	2.095376875E+00
-1.4225E-03	2.633567844E+00	2.085326624E+00
-1.42E-03	2.673768848E+00	2.13557788E+00
-1.4175E-03	2.734070355E+00	2.055175871E+00
-1.415E-03	2.713969853E+00	2.055175871E+00
-1.4125E-03	2.673768848E+00	2.085326624E+00
-1.41E-03	2.754170857E+00	2.055175871E+00
-1.4075E-03	2.633567843E+00	2.055175871E+00
-1.405E-03	2.754170857E+00	2.075276373E+00
-1.4025E-03	2.673768848E+00	2.045125619E+00
-1.4E-03	2.754170857E+00	2.014974866E+00
-1.3975E-03	2.673768848E+00	2.04512562E+00
-1.395E-03	2.673768848E+00	2.035075368E+00
-1.3925E-03	2.613467341E+00	2.014974866E+00
-1.39E-03	2.593366839E+00	1.974773861E+00
-1.3875E-03	2.613467341E+00	1.984824113E+00
-1.385E-03	2.633567844E+00	1.994874364E+00
-1.3825E-03	2.673768848E+00	1.984824113E+00
-1.38E-03	2.593366839E+00	2.014974866E+00
-1.3775E-03	2.593366839E+00	1.974773861E+00
-1.375E-03	2.553165834E+00	1.974773861E+00
-1.3725E-03	2.653668346E+00	1.96472361E+00
-1.37E-03	2.593366839E+00	1.974773861E+00
-1.3675E-03	2.593366839E+00	1.96472361E+00
-1.365E-03	2.593366839E+00	1.934572857E+00
-1.3625E-03	2.653668346E+00	1.934572857E+00
-1.36E-03	2.593366839E+00	1.974773861E+00
-1.3575E-03	2.573266337E+00	1.904422103E+00
-1.355E-03	2.553165834E+00	1.934572857E+00
-1.3525E-03	2.573266337E+00	1.934572857E+00
-1.35E-03	2.51296483E+00	1.894371852E+00
-1.3475E-03	2.452663323E+00	1.884321601E+00
-1.345E-03	2.553165834E+00	1.894371852E+00
-1.3425E-03	2.573266337E+00	1.864221099E+00
-1.34E-03	2.432562821E+00	1.854170848E+00
-1.3375E-03	2.51296483E+00	1.884321601E+00
-1.335E-03	2.472763825E+00	1.834070345E+00
-1.3325E-03	2.432562821E+00	1.813969843E+00
-1.33E-03	2.432562821E+00	1.813969843E+00
-1.3275E-03	2.452663323E+00	1.813969843E+00
-1.325E-03	2.432562821E+00	1.793869341E+00
-1.3225E-03	2.412462318E+00	1.813969843E+00
-1.32E-03	2.432562821E+00	1.773768838E+00
-1.3175E-03	2.352160811E+00	1.743618085E+00
-1.315E-03	2.472763825E+00	1.753668336E+00
-1.3125E-03	2.432562821E+00	1.733567834E+00
-1.31E-03	2.432562821E+00	1.733567834E+00
-1.3075E-03	2.372261314E+00	1.763718587E+00
-1.305E-03	2.311959807E+00	1.733567834E+00
-1.3025E-03	2.291859305E+00	1.70341708E+00
-1.3E-03	2.352160811E+00	1.693366829E+00
-1.2975E-03	2.211457295E+00	1.683316578E+00
-1.295E-03	2.271758802E+00	1.673266327E+00
-1.2925E-03	2.311959807E+00	1.653165825E+00
-1.29E-03	2.271758802E+00	1.653165825E+00
-1.2875E-03	2.291859304E+00	1.61296482E+00
-1.285E-03	2.271758802E+00	1.61296482E+00
-1.2825E-03	2.2516583E+00	1.653165825E+00
-1.28E-03	2.191356793E+00	1.572763816E+00
-1.2775E-03	2.191356793E+00	1.61296482E+00
-1.275E-03	2.231557798E+00	1.572763816E+00
-1.2725E-03	2.131055286E+00	1.572763816E+00
-1.27E-03	2.110954784E+00	1.532562811E+00
-1.2675E-03	2.191356793E+00	1.562713564E+00
-1.265E-03	2.151155789E+00	1.532562811E+00
-1.2625E-03	2.131055286E+00	1.52251256E+00
-1.26E-03	2.110954784E+00	1.492361806E+00
-1.2575E-03	2.110954784E+00	1.492361806E+00
-1.255E-03	2.070753779E+00	1.492361806E+00
-1.2525E-03	2.050653277E+00	1.452160802E+00
-1.25E-03	2.030552775E+00	1.452160802E+00
-1.2475E-03	2.090854282E+00	1.411959797E+00
-1.245E-03	2.030552775E+00	1.432060299E+00
-1.2425E-03	2.030552775E+00	1.411959797E+00
-1.24E-03	1.950150765E+00	1.371758793E+00
-1.2375E-03	2.010452272E+00	1.371758793E+00
-1.235E-03	1.950150765E+00	1.331557788E+00
-1.2325E-03	1.889849259E+00	1.331557788E+00
-1.23E-03	1.950150765E+00	1.331557788E+00
-1.2275E-03	1.950150765E+00	1.321507537E+00
-1.225E-03	1.950150765E+00	1.291356783E+00
-1.2225E-03	1.909949761E+00	1.291356783E+00
-1.22E-03	1.869748756E+00	1.251155779E+00
-1.2175E-03	1.849648254E+00	1.26120603E+00
-1.215E-03	1.869748756E+00	1.251155779E+00
-1.2125E-03	1.809447249E+00	1.210954774E+00
-1.21E-03	1.869748756E+00	1.251155779E+00
-1.2075E-03	1.809447249E+00	1.210954774E+00
-1.205E-03	1.829547752E+00	1.17075377E+00
-1.2025E-03	1.708944738E+00	1.130552765E+00
-1.2E-03	1.708944738E+00	1.130552765E+00
-1.1975E-03	1.769246245E+00	1.100402012E+00
-1.195E-03	1.708944738E+00	1.130552765E+00
-1.1925E-03	1.72904524E+00	1.060201007E+00
-1.19E-03	1.708944738E+00	1.09035176E+00
-1.1875E-03	1.708944738E+00	1.050150756E+00
-1.185E-03	1.668743733E+00	1.050150756E+00
-1.1825E-03	1.648643231E+00	1.050150756E+00
-1.18E-03	1.628542729E+00	1.009949751E+00
-1.1775E-03	1.628542729E+00	1.009949751E+00
-1.175E-03	1.54814072E+00	9.69748747E-01
-1.1725E-03	1.487839213E+00	9.39597993E-01
-1.17E-03	1.54814072E+00	9.29547742E-01
-1.1675E-03	1.588341724E+00	8.99396989E-01
-1.165E-03	1.507939715E+00	9.0944724E-01
-1.1625E-03	1.54814072E+00	8.89346737E-01
-1.16E-03	1.46773871E+00	8.49145733E-01
-1.1575E-03	1.46773871E+00	8.49145733E-01
-1.155E-03	1.427537706E+00	8.49145733E-01
-1.1525E-03	1.387336701E+00	8.18994979E-01
-1.15E-03	1.46773871E+00	7.68743724E-01
-1.1475E-03	1.427537706E+00	7.68743724E-01
-1.145E-03	1.347135697E+00	7.88844226E-01
-1.1425E-03	1.387336701E+00	7.28542719E-01
-1.14E-03	1.226532683E+00	7.28542719E-01
-1.1375E-03	1.306934692E+00	7.28542719E-01
-1.135E-03	1.306934692E+00	7.28542719E-01
-1.1325E-03	1.28683419E+00	6.88341714E-01
-1.13E-03	1.226532683E+00	6.88341714E-01
-1.1275E-03	1.206432181E+00	6.68241212E-01
-1.125E-03	1.266733687E+00	6.07939705E-01
-1.1225E-03	1.146130674E+00	5.97889454E-01
-1.12E-03	1.226532683E+00	5.67738701E-01
-1.1175E-03	1.146130674E+00	5.5768845E-01
-1.115E-03	1.146130674E+00	5.67738701E-01
-1.1125E-03	1.146130674E+00	5.27537696E-01
-1.11E-03	1.065728664E+00	5.27537696E-01
-1.1075E-03	1.085829167E+00	4.87336691E-01
-1.105E-03	1.065728664E+00	4.67236189E-01
-1.1025E-03	1.065728664E+00	4.47135687E-01
-1.1E-03	1.065728664E+00	4.87336691E-01
-1.0975E-03	9.85326655E-01	4.37085436E-01
-1.095E-03	9.45125651E-01	4.06934682E-01
-1.0925E-03	9.65226153E-01	4.06934682E-01
-1.09E-03	9.04924646E-01	3.66733678E-01
-1.0875E-03	9.04924646E-01	3.66733678E-01
-1.085E-03	9.04924646E-01	3.26532673E-01
-1.0825E-03	8.24522637E-01	3.26532673E-01
-1.08E-03	8.24522637E-01	2.86331668E-01
-1.0775E-03	7.6422113E-01	2.86331668E-01
-1.075E-03	8.64723641E-01	2.46130664E-01
-1.0725E-03	8.04422134E-01	2.05929659E-01
-1.07E-03	7.44120628E-01	2.05929659E-01
-1.0675E-03	7.6422113E-01	2.36080413E-01
-1.065E-03	7.44120628E-01	1.65728655E-01
-1.0625E-03	6.03417112E-01	1.35577901E-01
-1.06E-03	7.44120628E-01	1.2552765E-01
-1.0575E-03	6.63718618E-01	1.65728655E-01
-1.055E-03	6.63718618E-01	1.2552765E-01
-1.0525E-03	6.63718618E-01	1.2552765E-01
-1.05E-03	6.63718618E-01	4.5125641E-02
-1.0475E-03	5.23015102E-01	5.5175892E-02
-1.045E-03	5.83316609E-01	6.5226143E-02
-1.0425E-03	5.029146E-01	4.5125641E-02
-1.04E-03	5.029146E-01	8.5326645E-02
-1.0375E-03	5.029146E-01	1.4974887E-02
-1.035E-03	4.62713596E-01	2.5025139E-02
-1.0325E-03	4.22512591E-01	3.507539E-02
-1.03E-03	5.029146E-01	4.924636E-03
-1.0275E-03	4.02412089E-01	4.924636E-03
-1.025E-03	3.42110582E-01	4.924636E-03
-1.0225E-03	2.81809075E-01	4.924636E-03
-1.02E-03	3.42110582E-01	4.924636E-03
-1.0175E-03	3.22010079E-01	4.924636E-03
-1.015E-03	2.61708573E-01	4.924636E-03
-1.0125E-03	2.61708573E-01	4.924636E-03
-1.01E-03	2.61708572E-01	4.924636E-03
-1.0075E-03	2.4160807E-01	-5.125615E-03
-1.005E-03	1.81306563E-01	4.924636E-03
-1.0025E-03	1.81306563E-01	-2.5226117E-02
-1E-03	1.00904554E-01	4.924636E-03
-9.975E-04	1.41105559E-01	1.4974887E-02
-9.95E-04	6.070355E-02	-3.5276368E-02
-9.925E-04	8.0804052E-02	4.924636E-03
-9.9E-04	2.0502545E-02	4.924636E-03
-9.875E-04	2.0502545E-02	4.924636E-03
-9.85E-04	-1.969846E-02	4.924636E-03
-9.825E-04	-5.9899464E-02	-2.5226117E-02
-9.8E-04	-5.9899464E-02	4.924636E-03
-9.775E-04	-5.9899464E-02	4.924636E-03
-9.75E-04	-1.40301473E-01	-1.5175866E-02
-9.725E-04	-1.80502478E-01	4.924636E-03
-9.7E-04	-1.40301473E-01	4.924636E-03
-9.675E-04	-2.0060298E-01	-2.5226117E-02
-9.65E-04	-2.20703483E-01	4.924636E-03
-9.625E-04	-2.20703483E-01	4.924636E-03
-9.6E-04	-3.01105492E-01	-3.5276368E-02
-9.575E-04	-3.01105492E-01	-5.125615E-03
-9.55E-04	-3.01105492E-01	4.924636E-03
-9.525E-04	-3.01105492E-01	4.924636E-03
-9.5E-04	-3.01105492E-01	4.924636E-03
-9.475E-04	-3.61406999E-01	-2.5226117E-02
-9.45E-04	-4.6190951E-01	-3.5276368E-02
-9.425E-04	-4.01608003E-01	4.924636E-03
-9.4E-04	-4.6190951E-01	4.924636E-03
-9.375E-04	-4.6190951E-01	4.924636E-03
-9.35E-04	-4.6190951E-01	4.924636E-03
-9.325E-04	-4.6190951E-01	4.924636E-03
-9.3E-04	-4.6190951E-01	4.924636E-03
-9.275E-04	-5.62412022E-01	-2.5226117E-02
-9.25E-04	-5.42311519E-01	4.924636E-03
-9.225E-04	-6.22713529E-01	4.924636E-03
-9.2E-04	-6.22713529E-01	4.924636E-03
-9.175E-04	-6.02613026E-01	4.924636E-03
-9.15E-04	-6.62914533E-01	4.924636E-03
-9.125E-04	-7.03115538E-01	4.924636E-03
-9.1E-04	-7.03115538E-01	4.924636E-03
-9.075E-04	-7.03115538E-01	4.924636E-03
-9.05E-04	-7.43316542E-01	4.924636E-03
-9.025E-04	-7.2321604E-01	4.924636E-03
-9E-04	-7.83517547E-01	4.924636E-03
-8.975E-04	-8.63919556E-01	-5.125615E-03
-8.95E-04	-9.04120561E-01	4.924636E-03
-8.925E-04	-8.63919556E-01	4.924636E-03
-8.9E-04	-8.63919556E-01	4.924636E-03
-8.875E-04	-8.63919556E-01	4.924636E-03
-8.85E-04	-9.44321565E-01	4.924636E-03
-8.825E-04	-9.44321565E-01	4.924636E-03
-8.8E-04	-1.024723575E+00	-3.5276368E-02
-8.775E-04	-1.024723575E+00	4.924636E-03
-8.75E-04	-1.064924579E+00	4.924636E-03
-8.725E-04	-1.024723575E+00	-2.5226117E-02
-8.7E-04	-1.024723575E+00	4.924636E-03
-8.675E-04	-1.125226086E+00	4.924636E-03
-8.65E-04	-1.105125584E+00	4.924636E-03
-8.625E-04	-1.105125584E+00	4.924636E-03
-8.6E-04	-1.185527593E+00	4.924636E-03
-8.575E-04	-1.185527593E+00	-2.5226117E-02
-8.55E-04	-1.225728597E+00	-1.5175866E-02
-8.525E-04	-1.205628095E+00	4.924636E-03
-8.5E-04	-1.265929602E+00	4.924636E-03
-8.475E-04	-1.265929602E+00	4.924636E-03
-8.45E-04	-1.265929602E+00	4.924636E-03
-8.425E-04	-1.346331611E+00	4.924636E-03
-8.4E-04	-1.346331611E+00	4.924636E-03
-8.375E-04	-1.366432114E+00	-3.5276368E-02
-8.35E-04	-1.346331611E+00	4.924636E-03
-8.325E-04	-1.406633118E+00	-5.125615E-03
-8.3E-04	-1.426733621E+00	4.924636E-03
-8.275E-04	-1.42673362E+00	-2.5226117E-02
-8.25E-04	-1.42673362E+00	4.924636E-03
-8.225E-04	-1.446834123E+00	-5.125615E-03
-8.2E-04	-1.50713563E+00	-3.5276368E-02
-8.175E-04	-1.567437137E+00	4.924636E-03
-8.15E-04	-1.547336634E+00	4.924636E-03
-8.125E-04	-1.587537639E+00	-5.125615E-03
-8.1E-04	-1.587537639E+00	4.924636E-03
-8.075E-04	-1.647839146E+00	1.4974887E-02
-8.05E-04	-1.627738643E+00	4.924636E-03
-8.025E-04	-1.68804015E+00	4.924636E-03
-8E-04	-1.667939648E+00	4.924636E-03
-7.975E-04	-1.68804015E+00	4.924636E-03
-7.95E-04	-1.788542662E+00	-1.5175866E-02
-7.925E-04	-1.68804015E+00	4.924636E-03
-7.9E-04	-1.828743666E+00	4.924636E-03
-7.875E-04	-1.748341657E+00	-2.5226117E-02
-7.85E-04	-1.788542662E+00	4.924636E-03
-7.825E-04	-1.909145676E+00	-5.125615E-03
-7.8E-04	-1.828743666E+00	4.924636E-03
-7.775E-04	-1.848844169E+00	-3.5276368E-02
-7.75E-04	-1.828743666E+00	4.924636E-03
-7.725E-04	-1.848844169E+00	-2.5226117E-02
-7.7E-04	-1.909145676E+00	4.924636E-03
-7.675E-04	-1.969447183E+00	-3.5276368E-02
-7.65E-04	-1.94934668E+00	4.924636E-03
-7.625E-04	-1.929246178E+00	-3.5276368E-02
-7.6E-04	-1.989547685E+00	-3.5276368E-02
-7.575E-04	-1.909145676E+00	-2.5226117E-02
-7.55E-04	-1.989547685E+00	-1.5175866E-02
-7.525E-04	-2.069949694E+00	4.924636E-03
-7.5E-04	-2.069949694E+00	4.924636E-03
-7.475E-04	-2.130251201E+00	4.924636E-03
-7.45E-04	-2.110150699E+00	-1.5175866E-02
-7.425E-04	-2.090050196E+00	-2.5226117E-02
-7.4E-04	-2.150351703E+00	4.924636E-03
-7.375E-04	-2.110150698E+00	4.924636E-03
-7.35E-04	-2.190552708E+00	4.924636E-03
-7.325E-04	-2.230753712E+00	-2.5226117E-02
-7.3E-04	-2.150351703E+00	-3.5276368E-02
-7.275E-04	-2.230753712E+00	4.924636E-03
-7.25E-04	-2.270954717E+00	4.924636E-03
-7.225E-04	-2.230753712E+00	4.924636E-03
-7.2E-04	-2.311155721E+00	4.924636E-03
-7.175E-04	-2.311155722E+00	4.924636E-03
-7.15E-04	-2.230753712E+00	4.924636E-03
-7.125E-04	-2.311155722E+00	-2.5226117E-02
-7.1E-04	-2.230753712E+00	4.924636E-03
-7.075E-04	-2.311155722E+00	-2.5226117E-02
-7.05E-04	-2.391557731E+00	-1.5175866E-02
-7.025E-04	-2.311155722E+00	4.924636E-03
-7E-04	-2.311155722E+00	4.924636E-03
-6.975E-04	-2.411658233E+00	4.924636E-03
-6.95E-04	-2.391557731E+00	-1.5175866E-02
-6.925E-04	-2.411658233E+00	-2.5226117E-02
-6.9E-04	-2.391557731E+00	-3.5276368E-02
-6.875E-04	-2.451859238E+00	4.924636E-03
-6.85E-04	-2.512160744E+00	4.924636E-03
-6.825E-04	-2.47195974E+00	-5.125615E-03
-6.8E-04	-2.552361749E+00	4.924636E-03
-6.775E-04	-2.492060242E+00	4.924636E-03
-6.75E-04	-2.592562754E+00	-3.5276368E-02
-6.725E-04	-2.552361749E+00	4.924636E-03
-6.7E-04	-2.552361749E+00	4.924636E-03
-6.675E-04	-2.612663256E+00	-2.5226117E-02
-6.65E-04	-2.592562754E+00	4.924636E-03
-6.625E-04	-2.632763758E+00	-5.125615E-03
-6.6E-04	-2.713165767E+00	4.924636E-03
-6.575E-04	-2.612663256E+00	-5.125615E-03
-6.55E-04	-2.672964763E+00	4.924636E-03
-6.525E-04	-2.572462251E+00	-5.125615E-03
-6.5E-04	-2.713165767E+00	-3.5276368E-02
-6.475E-04	-2.693065265E+00	4.924636E-03
-6.45E-04	-2.672964763E+00	4.924636E-03
-6.425E-04	-2.713165767E+00	4.924636E-03
-6.4E-04	-2.632763758E+00	-3.5276368E-02
-6.375E-04	-2.73326627E+00	-3.5276368E-02
-6.35E-04	-2.753366772E+00	4.924636E-03
-6.325E-04	-2.713165767E+00	-2.5226117E-02
-6.3E-04	-2.793567777E+00	4.924636E-03
-6.275E-04	-2.793567777E+00	4.924636E-03
-6.25E-04	-2.753366772E+00	-1.5175866E-02
-6.225E-04	-2.793567777E+00	4.924636E-03
-6.2E-04	-2.793567777E+00	4.924636E-03
-6.175E-04	-2.793567777E+00	4.924636E-03
-6.15E-04	-2.873969786E+00	2.5025139E-02
-6.125E-04	-2.873969786E+00	-2.5226117E-02
-6.1E-04	-2.793567777E+00	4.924636E-03
-6.075E-04	-2.813668279E+00	4.924636E-03
-6.05E-04	-2.873969786E+00	-1.5175866E-02
-6.025E-04	-2.873969786E+00	4.924636E-03
-6E-04	-2.873969786E+00	-3.5276368E-02
-5.975E-04	-2.873969786E+00	4.924636E-03
-5.95E-04	-2.954371795E+00	-1.5175866E-02
-5.925E-04	-2.894070288E+00	4.924636E-03
-5.9E-04	-2.954371795E+00	4.924636E-03
-5.875E-04	-2.873969786E+00	-3.5276368E-02
-5.85E-04	-2.954371795E+00	4.924636E-03
-5.825E-04	-2.914170791E+00	-2.5226117E-02
-5.8E-04	-2.954371795E+00	4.924636E-03
-5.775E-04	-2.954371795E+00	4.924636E-03
-5.75E-04	-2.954371795E+00	4.924636E-03
-5.725E-04	-2.954371795E+00	1.4974888E-02
-5.7E-04	-2.954371795E+00	4.924636E-03
-5.675E-04	-2.974472297E+00	4.924636E-03
-5.65E-04	-2.9945728E+00	-1.5175866E-02
-5.625E-04	-2.954371795E+00	-2.5226117E-02
-5.6E-04	-3.034773804E+00	4.5125641E-02
-5.575E-04	-2.974472297E+00	4.924636E-03
-5.55E-04	-2.9945728E+00	4.924636E-03
-5.525E-04	-3.034773804E+00	4.924636E-03
-5.5E-04	-2.954371795E+00	4.924636E-03
-5.475E-04	-3.095075311E+00	-5.125615E-03
-5.45E-04	-3.034773804E+00	4.924636E-03
-5.425E-04	-3.014673302E+00	4.924636E-03
-5.4E-04	-3.034773804E+00	4.924636E-03
-5.375E-04	-2.954371795E+00	-5.125615E-03
-5.35E-04	-3.034773804E+00	4.924636E-03
-5.325E-04	-3.034773804E+00	4.924636E-03
-5.3E-04	-3.034773804E+00	4.924636E-03
-5.275E-04	-3.135276316E+00	4.924636E-03
-5.25E-04	-3.115175813E+00	-1.5175866E-02
-5.225E-04	-3.054874307E+00	4.924636E-03
-5.2E-04	-3.115175813E+00	-3.5276368E-02
-5.175E-04	-3.095075311E+00	4.924636E-03
-5.15E-04	-3.074974809E+00	4.924636E-03
-5.125E-04	-3.115175813E+00	-2.5226117E-02
-5.1E-04	-3.115175813E+00	4.924636E-03
-5.075E-04	-3.095075311E+00	-2.5226117E-02
-5.05E-04	-3.034773804E+00	4.924636E-03
-5.025E-04	-3.034773804E+00	-2.5226117E-02
-5E-04	-3.115175813E+00	4.5125641E-02
-4.975E-04	-3.054874306E+00	4.924636E-03
-4.95E-04	-3.074974809E+00	4.924636E-03
-4.925E-04	-3.115175813E+00	-5.125615E-03
-4.9E-04	-3.034773804E+00	4.924636E-03
-4.875E-04	-3.115175813E+00	4.924636E-03
-4.85E-04	-3.155376818E+00	-1.5175866E-02
-4.825E-04	-3.115175813E+00	-2.5226117E-02
-4.8E-04	-3.115175813E+00	4.924636E-03
-4.775E-04	-3.095075311E+00	1.4974887E-02
-4.75E-04	-3.155376818E+00	4.924636E-03
-4.725E-04	-3.115175813E+00	-5.125615E-03
-4.7E-04	-3.115175813E+00	4.924636E-03
-4.675E-04	-3.115175813E+00	4.924636E-03
-4.65E-04	-3.115175813E+00	-1.5175866E-02
-4.625E-04	-3.074974809E+00	4.924636E-03
-4.6E-04	-3.034773804E+00	4.924636E-03
-4.575E-04	-3.095075311E+00	4.924636E-03
-4.55E-04	-3.034773804E+00	-1.5175866E-02
-4.525E-04	-3.115175813E+00	-5.125615E-03
-4.5E-04	-3.034773804E+00	4.924636E-03
-4.475E-04	-3.054874306E+00	-2.5226117E-02
-4.45E-04	-3.034773804E+00	4.924636E-03
-4.425E-04	-3.034773804E+00	-2.5226117E-02
-4.4E-04	-3.034773804E+00	-3.5276368E-02
-4.375E-04	-3.095075311E+00	4.5125641E-02
-4.35E-04	-2.9945728E+00	-1.5175866E-02
-4.325E-04	-3.074974809E+00	-2.5226117E-02
-4.3E-04	-3.115175813E+00	-3.5276368E-02
-4.275E-04	-3.095075311E+00	4.924636E-03
-4.25E-04	-3.034773804E+00	4.924636E-03
-4.225E-04	-3.074974809E+00	4.924636E-03
-4.2E-04	-3.034773804E+00	4.924636E-03
-4.175E-04	-3.034773804E+00	-2.5226117E-02
-4.15E-04	-3.034773804E+00	-3.5276368E-02
-4.125E-04	-2.954371795E+00	-5.125615E-03
-4.1E-04	-2.954371795E+00	4.924636E-03
-4.075E-04	-2.974472297E+00	4.924636E-03
-4.05E-04	-2.9945728E+00	-1.5175866E-02
-4.025E-04	-2.954371795E+00	4.924636E-03
-4E-04	-3.034773804E+00	4.924636E-03
-3.975E-04	-3.074974809E+00	4.924636E-03
-3.95E-04	-2.954371795E+00	-3.5276368E-02
-3.925E-04	-2.954371795E+00	4.924636E-03
-3.9E-04	-2.873969786E+00	4.924636E-03
-3.875E-04	-2.954371795E+00	-2.5226117E-02
-3.85E-04	-2.91417079E+00	4.924636E-03
-3.825E-04	-2.954371795E+00	4.924636E-03
-3.8E-04	-2.873969786E+00	4.924636E-03
-3.775E-04	-2.934271293E+00	-5.125615E-03
-3.75E-04	-2.914170791E+00	4.924636E-03
-3.725E-04	-2.833768781E+00	-5.125615E-03
-3.7E-04	-2.873969786E+00	4.924636E-03
-3.675E-04	-2.894070288E+00	-5.125615E-03
-3.65E-04	-2.873969786E+00	4.924636E-03
-3.625E-04	-2.873969786E+00	-5.125615E-03
-3.6E-04	-2.954371795E+00	4.924636E-03
-3.575E-04	-2.773467274E+00	-3.5276368E-02
-3.55E-04	-2.873969786E+00	4.924636E-03
-3.525E-04	-2.813668279E+00	4.924636E-03
-3.5E-04	-2.793567777E+00	-3.5276368E-02
-3.475E-04	-2.813668279E+00	-5.125615E-03
-3.45E-04	-2.833768781E+00	4.924636E-03
-3.425E-04	-2.793567777E+00	4.924636E-03
-3.4E-04	-2.793567777E+00	-3.5276368E-02
-3.375E-04	-2.793567777E+00	4.924636E-03
-3.35E-04	-2.753366772E+00	4.924636E-03
-3.325E-04	-2.793567777E+00	-2.5226117E-02
-3.3E-04	-2.793567777E+00	4.924636E-03
-3.275E-04	-2.73326627E+00	4.924636E-03
-3.25E-04	-2.753366772E+00	4.924636E-03
-3.225E-04	-2.652864261E+00	-3.5276368E-02
-3.2E-04	-2.713165767E+00	4.924636E-03
-3.175E-04	-2.632763758E+00	-5.125615E-03
-3.15E-04	-2.713165767E+00	-1.5175866E-02
-3.125E-04	-2.652864261E+00	-3.5276368E-02
-3.1E-04	-2.793567777E+00	-3.5276368E-02
-3.075E-04	-2.652864261E+00	4.924636E-03
-3.05E-04	-2.632763758E+00	4.924636E-03
-3.025E-04	-2.632763758E+00	-5.537687E-02
-3E-04	-2.632763758E+00	-3.5276368E-02
-2.975E-04	-2.552361749E+00	4.924636E-03
-2.95E-04	-2.552361749E+00	4.924636E-03
-2.925E-04	-2.632763758E+00	-5.125615E-03
-2.9E-04	-2.47195974E+00	4.924636E-03
-2.875E-04	-2.492060242E+00	4.924636E-03
-2.85E-04	-2.512160744E+00	-1.5175866E-02
-2.825E-04	-2.47195974E+00	-5.125615E-03
-2.8E-04	-2.552361749E+00	4.924636E-03
-2.775E-04	-2.411658233E+00	4.924636E-03
-2.75E-04	-2.47195974E+00	-1.5175866E-02
-2.725E-04	-2.411658233E+00	4.924636E-03
-2.7E-04	-2.47195974E+00	4.924636E-03
-2.675E-04	-2.411658233E+00	4.924636E-03
-2.65E-04	-2.431758735E+00	4.924636E-03
-2.625E-04	-2.371457228E+00	4.924636E-03
-2.6E-04	-2.391557731E+00	-3.5276368E-02
-2.575E-04	-2.331256224E+00	4.924636E-03
-2.55E-04	-2.351356726E+00	-1.5175866E-02
-2.525E-04	-2.250854215E+00	4.924636E-03
-2.5E-04	-2.311155722E+00	4.924636E-03
-2.475E-04	-2.230753712E+00	4.924636E-03
-2.45E-04	-2.311155722E+00	4.924636E-03
-2.425E-04	-2.190552708E+00	4.924636E-03
-2.4E-04	-2.230753712E+00	4.924636E-03
-2.375E-04	-2.230753712E+00	4.924636E-03
-2.35E-04	-2.230753712E+00	4.924636E-03
-2.325E-04	-2.230753712E+00	-5.125615E-03
-2.3E-04	-2.150351703E+00	-3.5276368E-02
-2.275E-04	-2.170452205E+00	4.924636E-03
-2.25E-04	-2.190552708E+00	-1.5175866E-02
-2.225E-04	-2.150351703E+00	4.924636E-03
-2.2E-04	-2.069949694E+00	4.924636E-03
-2.175E-04	-2.009648187E+00	4.924636E-03
-2.15E-04	-2.150351703E+00	4.924636E-03
-2.125E-04	-2.069949694E+00	4.924636E-03
-2.1E-04	-2.069949694E+00	4.924636E-03
-2.075E-04	-2.049849192E+00	-2.5226117E-02
-2.05E-04	-2.029748689E+00	4.924636E-03
-2.025E-04	-1.909145676E+00	4.924636E-03
-2E-04	-1.989547685E+00	-3.5276368E-02
-1.975E-04	-1.909145676E+00	-2.5226117E-02
-1.95E-04	-1.94934668E+00	4.924636E-03
-1.925E-04	-1.969447182E+00	-3.5276368E-02
-1.9E-04	-1.909145676E+00	4.924636E-03
-1.875E-04	-1.909145676E+00	-2.5226117E-02
-1.85E-04	-1.788542662E+00	-1.5175866E-02
-1.825E-04	-1.909145676E+00	4.924636E-03
-1.8E-04	-1.828743666E+00	4.924636E-03
-1.775E-04	-1.808643164E+00	-1.5175866E-02
-1.75E-04	-1.748341657E+00	4.924636E-03
-1.725E-04	-1.828743666E+00	4.924636E-03
-1.7E-04	-1.748341657E+00	4.924636E-03
-1.675E-04	-1.748341657E+00	-3.5276368E-02
-1.65E-04	-1.667939648E+00	4.924636E-03
-1.625E-04	-1.728241155E+00	4.924636E-03
-1.6E-04	-1.667939648E+00	4.924636E-03
-1.575E-04	-1.667939648E+00	-2.5226117E-02
-1.55E-04	-1.667939648E+00	-3.5276368E-02
-1.525E-04	-1.667939648E+00	3.507539E-02
-1.5E-04	-1.587537639E+00	4.924636E-03
-1.475E-04	-1.587537639E+00	4.924636E-03
-1.45E-04	-1.587537639E+00	4.924636E-03
-1.425E-04	-1.567437136E+00	-5.125615E-03
-1.4E-04	-1.50713563E+00	4.924636E-03
-1.375E-04	-1.446834123E+00	4.924636E-03
-1.35E-04	-1.50713563E+00	4.924636E-03
-1.325E-04	-1.487035127E+00	-5.125615E-03
-1.3E-04	-1.42673362E+00	4.924636E-03
-1.275E-04	-1.42673362E+00	-2.5226117E-02
-1.25E-04	-1.346331611E+00	4.924636E-03
-1.225E-04	-1.346331611E+00	-2.5226117E-02
-1.2E-04	-1.42673362E+00	4.924636E-03
-1.175E-04	-1.286030104E+00	4.924636E-03
-1.15E-04	-1.225728598E+00	-1.5175866E-02
-1.125E-04	-1.225728598E+00	-5.125615E-03
-1.1E-04	-1.265929602E+00	-3.5276368E-02
-1.075E-04	-1.205628095E+00	4.924636E-03
-1.05E-04	-1.225728598E+00	-1.5175866E-02
-1.025E-04	-1.185527593E+00	4.924636E-03
-1E-04	-1.185527593E+00	4.924636E-03
-9.75E-05	-1.085025081E+00	4.924636E-03
-9.5E-05	-1.145326588E+00	-1.5175866E-02
-9.25E-05	-1.105125584E+00	4.924636E-03
-9E-05	-1.024723575E+00	-3.5276368E-02
-8.75E-05	-1.105125584E+00	3.507539E-02
-8.5E-05	-1.064924579E+00	4.924636E-03
-8.25E-05	-1.004623072E+00	1.4974888E-02
-8E-05	-9.44321565E-01	4.924636E-03
-7.75E-05	-9.44321565E-01	4.924636E-03
-7.5E-05	-8.63919556E-01	-3.5276368E-02
-7.25E-05	-8.63919556E-01	-2.5226117E-02
-7E-05	-9.44321565E-01	4.5125641E-02
-6.75E-05	-8.63919556E-01	-2.5226117E-02
-6.5E-05	-7.83517547E-01	4.924636E-03
-6.25E-05	-7.2321604E-01	4.924636E-03
-6E-05	-7.83517547E-01	4.924636E-03
-5.75E-05	-7.03115538E-01	4.924636E-03
-5.5E-05	-7.43316542E-01	2.5025139E-02
-5.25E-05	-7.03115538E-01	-2.5226117E-02
-5E-05	-7.03115538E-01	-3.5276368E-02
-4.75E-05	-7.03115538E-01	4.924636E-03
-4.5E-05	-6.62914533E-01	-1.5175866E-02
-4.25E-05	-5.62412022E-01	-2.5226117E-02
-4E-05	-5.42311519E-01	4.924636E-03
-3.75E-05	-6.02613026E-01	-2.5226117E-02
-3.5E-05	-5.82512524E-01	-3.5276368E-02
-3.25E-05	-5.42311519E-01	4.924636E-03
-3E-05	-5.42311519E-01	4.924636E-03
-2.75E-05	-5.42311519E-01	4.924636E-03
-2.5E-05	-5.02110515E-01	-1.5175866E-02
-2.25E-05	-4.6190951E-01	-2.5226117E-02
-2E-05	-3.81507501E-01	4.924636E-03
-1.75E-05	-4.01608003E-01	-2.5226117E-02
-1.5E-05	-3.81507501E-01	-1.5175866E-02
-1.25E-05	-3.21205994E-01	4.924636E-03
-1E-05	-3.01105492E-01	4.924636E-03
-7.5E-06	-3.01105492E-01	1.4974887E-02
-5E-06	-2.60904487E-01	4.924636E-03
-2.5E-06	-2.20703483E-01	1.4974888E-02
0E+00	-3.01105492E-01	-3.5276368E-02
2.5E-06	-2.20703483E-01	4.924636E-03
5E-06	-1.80502478E-01	-1.5175866E-02
7.5E-06	-1.40301473E-01	4.924636E-03
1E-05	-1.40301473E-01	4.924636E-03
1.25E-05	-7.9999966E-02	4.924636E-03
1.5E-05	-1.00100469E-01	-1.5175866E-02
1.75E-05	-5.9899464E-02	4.924636E-03
2E-05	1.00904554E-01	4.924636E-03
2.25E-05	4.02043E-04	4.924636E-03
2.5E-05	2.0502545E-02	-1.5175866E-02
2.75E-05	8.0804052E-02	-5.125615E-03
3E-05	1.00904554E-01	4.5125641E-02
3.25E-05	1.00904554E-01	4.924636E-03
3.5E-05	1.00904554E-01	-1.5175866E-02
3.75E-05	1.00904554E-01	4.924636E-03
4E-05	1.81306563E-01	4.924636E-03
4.25E-05	2.01407066E-01	1.4974887E-02
4.5E-05	2.21507568E-01	4.924636E-03
4.75E-05	2.01407066E-01	-3.5276368E-02
5E-05	1.81306563E-01	-3.5276368E-02
5.25E-05	2.61708573E-01	4.924636E-03
5.5E-05	3.01909577E-01	4.924636E-03
5.75E-05	3.22010079E-01	4.924636E-03
6E-05	3.42110582E-01	4.5125641E-02
6.25E-05	3.42110582E-01	4.924636E-03
6.5E-05	4.22512591E-01	2.5025139E-02
6.75E-05	4.02412089E-01	4.924636E-03
7E-05	4.22512591E-01	4.5125641E-02
7.25E-05	4.22512591E-01	1.4974887E-02
7.5E-05	4.62713596E-01	2.5025139E-02
7.75E-05	5.029146E-01	4.924636E-03
8E-05	5.83316609E-01	4.5125641E-02
8.25E-05	5.63216107E-01	5.5175892E-02
8.5E-05	5.83316609E-01	1.05427148E-01
8.75E-05	5.83316609E-01	8.5326646E-02
9E-05	5.83316609E-01	8.5326646E-02
9.25E-05	6.03417112E-01	1.2552765E-01
9.5E-05	6.23517614E-01	1.2552765E-01
9.75E-05	6.63718618E-01	1.2552765E-01
1E-04	7.44120628E-01	1.65728655E-01
1.025E-04	7.44120628E-01	1.95879408E-01
1.05E-04	7.44120628E-01	1.85829157E-01
1.075E-04	7.84321632E-01	2.05929659E-01
1.1E-04	8.24522637E-01	2.46130664E-01
1.125E-04	7.44120628E-01	2.46130664E-01
1.15E-04	7.84321632E-01	2.66231166E-01
1.175E-04	8.44623139E-01	2.66231166E-01
1.2E-04	9.04924646E-01	3.26532673E-01
1.225E-04	7.84321632E-01	3.26532673E-01
1.25E-04	9.45125651E-01	3.46633175E-01
1.275E-04	9.25025148E-01	3.66733678E-01
1.3E-04	9.85326655E-01	3.66733678E-01
1.325E-04	9.85326655E-01	4.06934682E-01
1.35E-04	1.02552766E+00	4.06934682E-01
1.375E-04	1.005427158E+00	4.37085436E-01
1.4E-04	9.85326655E-01	4.47135687E-01
1.425E-04	1.005427157E+00	4.87336691E-01
1.45E-04	1.02552766E+00	4.87336691E-01
1.475E-04	1.085829167E+00	5.17487445E-01
1.5E-04	1.065728664E+00	5.27537696E-01
1.525E-04	1.146130674E+00	5.67738701E-01
1.55E-04	1.146130674E+00	5.67738701E-01
1.575E-04	1.146130674E+00	5.67738701E-01
1.6E-04	1.226532683E+00	5.67738701E-01
1.625E-04	1.226532683E+00	6.07939705E-01
1.65E-04	1.266733687E+00	6.4814071E-01
1.675E-04	1.186331678E+00	6.4814071E-01
1.7E-04	1.306934692E+00	6.88341714E-01
1.725E-04	1.246633185E+00	6.88341714E-01
1.75E-04	1.306934692E+00	6.88341714E-01
1.775E-04	1.367236199E+00	7.28542719E-01
1.8E-04	1.387336701E+00	7.68743724E-01
1.825E-04	1.367236199E+00	7.28542719E-01
1.85E-04	1.387336701E+00	7.88844226E-01
1.875E-04	1.447638208E+00	8.08944728E-01
1.9E-04	1.46773871E+00	8.08944728E-01
1.925E-04	1.46773871E+00	8.18994979E-01
1.95E-04	1.46773871E+00	8.49145733E-01
1.975E-04	1.487839213E+00	8.89346737E-01
2E-04	1.54814072E+00	8.89346737E-01
2.025E-04	1.528040217E+00	8.59195984E-01
2.05E-04	1.507939715E+00	9.0944724E-01
2.075E-04	1.608442226E+00	9.39597993E-01
2.1E-04	1.628542729E+00	9.69748747E-01
2.125E-04	1.568241222E+00	9.69748747E-01
2.15E-04	1.54814072E+00	9.69748747E-01
2.175E-04	1.628542729E+00	1.009949751E+00
2.2E-04	1.708944738E+00	1.050150756E+00
2.225E-04	1.648643231E+00	1.050150756E+00
2.25E-04	1.708944738E+00	1.070251258E+00
2.275E-04	1.769246245E+00	1.09035176E+00
2.3E-04	1.708944738E+00	1.09035176E+00
2.325E-04	1.708944738E+00	1.09035176E+00
2.35E-04	1.789346747E+00	1.110452263E+00
2.375E-04	1.769246245E+00	1.17075377E+00
2.4E-04	1.708944738E+00	1.130552765E+00
2.425E-04	1.849648254E+00	1.140603016E+00
2.45E-04	1.789346747E+00	1.190854272E+00
2.475E-04	1.789346747E+00	1.210954774E+00
2.5E-04	1.869748756E+00	1.251155779E+00
2.525E-04	1.849648254E+00	1.241105528E+00
2.55E-04	1.909949761E+00	1.271256281E+00
2.575E-04	1.869748756E+00	1.251155779E+00
2.6E-04	1.869748756E+00	1.291356783E+00
2.625E-04	1.869748756E+00	1.291356783E+00
2.65E-04	1.909949761E+00	1.311457286E+00
2.675E-04	2.010452272E+00	1.321507537E+00
2.7E-04	1.950150765E+00	1.371758793E+00
2.725E-04	2.110954784E+00	1.361708541E+00
2.75E-04	1.99035177E+00	1.35165829E+00
2.775E-04	2.030552775E+00	1.371758793E+00
2.8E-04	2.110954784E+00	1.411959797E+00
2.825E-04	2.090854282E+00	1.371758793E+00
2.85E-04	2.070753779E+00	1.432060299E+00
2.875E-04	2.090854281E+00	1.452160802E+00
2.9E-04	2.110954784E+00	1.452160802E+00
2.925E-04	2.050653277E+00	1.452160802E+00
2.95E-04	2.110954784E+00	1.492361806E+00
2.975E-04	2.110954784E+00	1.492361806E+00
3E-04	2.191356793E+00	1.492361806E+00
3.025E-04	2.110954784E+00	1.532562811E+00
3.05E-04	2.151155788E+00	1.532562811E+00
3.075E-04	2.171256291E+00	1.532562811E+00
3.1E-04	2.191356793E+00	1.572763816E+00
3.125E-04	2.2516583E+00	1.572763816E+00
3.15E-04	2.231557798E+00	1.592864318E+00
3.175E-04	2.191356793E+00	1.602914569E+00
3.2E-04	2.110954784E+00	1.61296482E+00
3.225E-04	2.191356793E+00	1.623015071E+00
3.25E-04	2.271758802E+00	1.61296482E+00
3.275E-04	2.271758802E+00	1.653165825E+00
3.3E-04	2.271758802E+00	1.653165825E+00
3.325E-04	2.291859304E+00	1.693366829E+00
3.35E-04	2.352160811E+00	1.693366829E+00
3.375E-04	2.352160811E+00	1.683316578E+00
3.4E-04	2.271758802E+00	1.733567834E+00
3.425E-04	2.291859304E+00	1.723517583E+00
3.45E-04	2.352160811E+00	1.713467332E+00
3.475E-04	2.372261314E+00	1.733567834E+00
3.5E-04	2.432562821E+00	1.733567834E+00
3.525E-04	2.412462318E+00	1.803919592E+00
3.55E-04	2.392361816E+00	1.773768838E+00
3.575E-04	2.412462318E+00	1.773768838E+00
3.6E-04	2.51296483E+00	1.813969843E+00
3.625E-04	2.492864328E+00	1.813969843E+00
3.65E-04	2.432562821E+00	1.813969843E+00
3.675E-04	2.432562821E+00	1.813969843E+00
3.7E-04	2.51296483E+00	1.813969843E+00
3.725E-04	2.372261314E+00	1.813969843E+00
3.75E-04	2.472763825E+00	1.854170848E+00
3.775E-04	2.51296483E+00	1.844120597E+00
3.8E-04	2.51296483E+00	1.854170848E+00
3.825E-04	2.573266337E+00	1.864221099E+00
3.85E-04	2.553165834E+00	1.894371852E+00
3.875E-04	2.533065332E+00	1.894371852E+00
3.9E-04	2.51296483E+00	1.934572857E+00
3.925E-04	2.573266337E+00	1.934572857E+00
3.95E-04	2.593366839E+00	1.894371852E+00
3.975E-04	2.573266337E+00	1.934572857E+00
4E-04	2.51296483E+00	1.934572857E+00
4.025E-04	2.653668346E+00	1.96472361E+00
4.05E-04	2.553165834E+00	1.954673359E+00
4.075E-04	2.593366839E+00	1.974773861E+00
4.1E-04	2.593366839E+00	1.974773861E+00
4.125E-04	2.653668346E+00	1.974773861E+00
4.15E-04	2.593366839E+00	1.974773861E+00
4.175E-04	2.613467341E+00	1.96472361E+00
4.2E-04	2.673768848E+00	2.055175871E+00
4.225E-04	2.613467341E+00	2.014974866E+00
4.25E-04	2.553165834E+00	2.014974866E+00
4.275E-04	2.734070355E+00	2.004924615E+00
4.3E-04	2.673768848E+00	2.014974866E+00
4.325E-04	2.734070355E+00	2.055175871E+00
4.35E-04	2.673768848E+00	2.035075368E+00
4.375E-04	2.693869351E+00	2.055175871E+00
4.4E-04	2.673768848E+00	2.014974866E+00
4.425E-04	2.673768848E+00	2.025025117E+00
4.45E-04	2.713969853E+00	2.055175871E+00
4.475E-04	2.673768848E+00	2.025025117E+00
4.5E-04	2.754170857E+00	2.055175871E+00
4.525E-04	2.673768848E+00	2.085326624E+00
4.55E-04	2.713969853E+00	2.055175871E+00
4.575E-04	2.693869351E+00	2.095376875E+00
4.6E-04	2.673768848E+00	2.055175871E+00
4.625E-04	2.69386935E+00	2.065226122E+00
4.65E-04	2.713969853E+00	2.095376875E+00
4.675E-04	2.814472364E+00	2.055175871E+00
4.7E-04	2.754170857E+00	2.095376875E+00
4.725E-04	2.754170857E+00	2.065226122E+00
4.75E-04	2.754170857E+00	2.055175871E+00
4.775E-04	2.754170857E+00	2.13557788E+00
4.8E-04	2.834572866E+00	2.095376875E+00
4.825E-04	2.734070355E+00	2.105427126E+00
4.85E-04	2.754170857E+00	2.13557788E+00
4.875E-04	2.814472364E+00	2.125527629E+00
4.9E-04	2.754170857E+00	2.13557788E+00
4.925E-04	2.734070355E+00	2.13557788E+00
4.95E-04	2.754170857E+00	2.13557788E+00
4.975E-04	2.754170857E+00	2.125527629E+00
5E-04	2.754170857E+00	2.13557788E+00
5.025E-04	2.834572867E+00	2.13557788E+00
5.05E-04	2.754170857E+00	2.13557788E+00
5.075E-04	2.713969853E+00	2.095376875E+00
5.1E-04	2.834572867E+00	2.095376875E+00
5.125E-04	2.754170857E+00	2.105427126E+00
5.15E-04	2.754170857E+00	2.115477378E+00
5.175E-04	2.734070355E+00	2.105427126E+00
5.2E-04	2.754170857E+00	2.095376875E+00
5.225E-04	2.754170857E+00	2.125527629E+00
5.25E-04	2.754170857E+00	2.13557788E+00
5.275E-04	2.754170857E+00	2.125527629E+00
5.3E-04	2.754170857E+00	2.095376875E+00
5.325E-04	2.734070355E+00	2.095376875E+00
5.35E-04	2.794371862E+00	2.115477378E+00
5.375E-04	2.693869351E+00	2.13557788E+00
5.4E-04	2.754170857E+00	2.095376875E+00
5.425E-04	2.713969853E+00	2.095376875E+00
5.45E-04	2.834572867E+00	2.115477378E+00
5.475E-04	2.754170857E+00	2.165728633E+00
5.5E-04	2.834572867E+00	2.13557788E+00
5.525E-04	2.754170857E+00	2.105427126E+00
5.55E-04	2.794371862E+00	2.115477378E+00
5.575E-04	2.754170857E+00	2.13557788E+00
5.6E-04	2.754170857E+00	2.095376875E+00
5.625E-04	2.673768848E+00	2.095376875E+00
5.65E-04	2.673768848E+00	2.095376875E+00
5.675E-04	2.734070355E+00	2.095376875E+00
5.7E-04	2.673768848E+00	2.095376875E+00
5.725E-04	2.77427136E+00	2.095376875E+00
5.75E-04	2.754170857E+00	2.095376875E+00
5.775E-04	2.754170857E+00	2.105427126E+00
5.8E-04	2.754170857E+00	2.055175871E+00
5.825E-04	2.673768848E+00	2.055175871E+00
5.85E-04	2.713969853E+00	2.055175871E+00
5.875E-04	2.693869351E+00	2.055175871E+00
5.9E-04	2.754170857E+00	2.055175871E+00
5.925E-04	2.734070355E+00	2.065226122E+00
5.95E-04	2.713969853E+00	2.055175871E+00
5.975E-04	2.734070355E+00	2.025025117E+00
6E-04	2.673768848E+00	2.014974866E+00
6.025E-04	2.653668346E+00	2.025025117E+00
6.05E-04	2.673768848E+00	2.035075368E+00
6.075E-04	2.593366839E+00	2.025025117E+00
6.1E-04	2.754170857E+00	1.974773861E+00
6.125E-04	2.653668346E+00	2.014974866E+00
6.15E-04	2.633567844E+00	2.014974866E+00
6.175E-04	2.613467341E+00	2.014974866E+00
6.2E-04	2.593366839E+00	2.014974866E+00
6.225E-04	2.613467341E+00	1.984824113E+00
6.25E-04	2.633567844E+00	1.974773861E+00
6.275E-04	2.593366839E+00	1.974773861E+00
6.3E-04	2.51296483E+00	1.974773861E+00
6.325E-04	2.593366839E+00	1.934572857E+00
6.35E-04	2.593366839E+00	1.954673359E+00
6.375E-04	2.573266337E+00	1.974773861E+00
6.4E-04	2.673768848E+00	1.974773861E+00
6.425E-04	2.533065332E+00	1.894371852E+00
6.45E-04	2.51296483E+00	1.934572857E+00
6.475E-04	2.593366839E+00	1.934572857E+00
6.5E-04	2.51296483E+00	1.934572857E+00
6.525E-04	2.51296483E+00	1.894371852E+00
6.55E-04	2.51296483E+00	1.894371852E+00
6.575E-04	2.51296483E+00	1.864221099E+00
6.6E-04	2.51296483E+00	1.854170848E+00
6.625E-04	2.492864328E+00	1.824020094E+00
6.65E-04	2.43256282E+00	1.834070345E+00
6.675E-04	2.492864327E+00	1.854170848E+00
6.7E-04	2.51296483E+00	1.813969843E+00
6.725E-04	2.492864328E+00	1.813969843E+00
6.75E-04	2.472763825E+00	1.834070345E+00
6.775E-04	2.412462318E+00	1.78381909E+00
6.8E-04	2.352160811E+00	1.773768838E+00
6.825E-04	2.452663323E+00	1.803919592E+00
6.85E-04	2.392361816E+00	1.773768838E+00
6.875E-04	2.372261314E+00	1.733567834E+00
6.9E-04	2.432562821E+00	1.733567834E+00
6.925E-04	2.372261314E+00	1.743618085E+00
6.95E-04	2.352160811E+00	1.713467332E+00
6.975E-04	2.332060309E+00	1.723517583E+00
7E-04	2.352160811E+00	1.693366829E+00
7.025E-04	2.291859304E+00	1.653165825E+00
7.05E-04	2.311959807E+00	1.673266327E+00
7.075E-04	2.271758802E+00	1.663216076E+00
7.1E-04	2.352160811E+00	1.653165825E+00
7.125E-04	2.211457295E+00	1.61296482E+00
7.15E-04	2.231557798E+00	1.633065322E+00
7.175E-04	2.271758802E+00	1.582814067E+00
7.2E-04	2.271758802E+00	1.61296482E+00
7.225E-04	2.2516583E+00	1.582814067E+00
7.25E-04	2.151155789E+00	1.572763816E+00
7.275E-04	2.131055286E+00	1.572763816E+00
7.3E-04	2.110954784E+00	1.532562811E+00
7.325E-04	2.2516583E+00	1.532562811E+00
7.35E-04	2.191356793E+00	1.512462309E+00
7.375E-04	2.191356793E+00	1.492361806E+00
7.4E-04	2.110954784E+00	1.492361806E+00
7.425E-04	2.110954784E+00	1.462211053E+00
7.45E-04	2.110954784E+00	1.492361806E+00
7.475E-04	2.110954784E+00	1.422010048E+00
7.5E-04	2.030552775E+00	1.452160802E+00
7.525E-04	2.030552775E+00	1.452160802E+00
7.55E-04	2.030552775E+00	1.432060299E+00
7.575E-04	2.030552775E+00	1.411959797E+00
7.6E-04	2.030552775E+00	1.411959797E+00
7.625E-04	2.010452272E+00	1.381809044E+00
7.65E-04	1.950150765E+00	1.331557788E+00
7.675E-04	2.030552775E+00	1.331557788E+00
7.7E-04	1.950150765E+00	1.331557788E+00
7.725E-04	1.950150765E+00	1.291356783E+00
7.75E-04	1.950150766E+00	1.271256281E+00
7.775E-04	1.889849259E+00	1.291356783E+00
7.8E-04	1.869748756E+00	1.251155779E+00
7.825E-04	1.889849259E+00	1.26120603E+00
7.85E-04	1.829547752E+00	1.231055276E+00
7.875E-04	1.849648254E+00	1.241105528E+00
7.9E-04	1.789346747E+00	1.17075377E+00
7.925E-04	1.789346747E+00	1.180804021E+00
7.95E-04	1.749145742E+00	1.17075377E+00
7.975E-04	1.72904524E+00	1.130552765E+00
8E-04	1.708944738E+00	1.130552765E+00
8.025E-04	1.769246245E+00	1.130552765E+00
8.05E-04	1.789346747E+00	1.110452263E+00
8.075E-04	1.708944738E+00	1.060201007E+00
8.1E-04	1.628542729E+00	1.09035176E+00
8.125E-04	1.628542729E+00	1.030050253E+00
8.15E-04	1.668743733E+00	1.070251258E+00
8.175E-04	1.688844236E+00	1.050150756E+00
8.2E-04	1.54814072E+00	9.69748747E-01
8.225E-04	1.568241222E+00	9.79798998E-01
8.25E-04	1.588341724E+00	9.69748747E-01
8.275E-04	1.608442226E+00	9.29547742E-01
8.3E-04	1.54814072E+00	9.69748747E-01
8.325E-04	1.487839213E+00	9.29547742E-01
8.35E-04	1.507939715E+00	9.0944724E-01
8.375E-04	1.46773871E+00	8.89346737E-01
8.4E-04	1.387336701E+00	8.49145733E-01
8.425E-04	1.487839213E+00	8.49145733E-01
8.45E-04	1.46773871E+00	8.49145733E-01
8.475E-04	1.347135697E+00	8.08944728E-01
8.5E-04	1.387336701E+00	8.08944728E-01
8.525E-04	1.387336701E+00	8.08944728E-01
8.55E-04	1.387336701E+00	7.88844226E-01
8.575E-04	1.387336701E+00	7.68743724E-01
8.6E-04	1.306934692E+00	7.28542719E-01
8.625E-04	1.306934692E+00	7.28542719E-01
8.65E-04	1.306934692E+00	6.88341714E-01
8.675E-04	1.246633185E+00	6.88341714E-01
8.7E-04	1.226532683E+00	6.4814071E-01
8.725E-04	1.226532683E+00	6.4814071E-01
8.75E-04	1.186331678E+00	6.07939705E-01
8.775E-04	1.20643218E+00	5.77788952E-01
8.8E-04	1.226532683E+00	6.07939705E-01
8.825E-04	1.126030171E+00	5.67738701E-01
8.85E-04	1.186331678E+00	5.47638198E-01
8.875E-04	1.065728664E+00	5.37587947E-01
8.9E-04	1.065728664E+00	5.27537696E-01
8.925E-04	1.085829167E+00	5.17487445E-01
8.95E-04	1.105929669E+00	4.67236189E-01
8.975E-04	1.045628162E+00	4.47135687E-01
9E-04	9.85326655E-01	4.47135687E-01
9.025E-04	1.065728664E+00	4.16984933E-01
9.05E-04	9.45125651E-01	3.66733678E-01
9.075E-04	9.85326655E-01	3.66733678E-01
9.1E-04	9.04924646E-01	3.66733678E-01
9.125E-04	9.65226153E-01	3.56683427E-01
9.15E-04	8.24522637E-01	3.06432171E-01
9.175E-04	7.84321632E-01	3.16482422E-01
9.2E-04	9.04924646E-01	2.46130664E-01
9.225E-04	8.44623139E-01	2.46130664E-01
9.25E-04	8.24522637E-01	2.66231166E-01
9.275E-04	8.04422134E-01	2.46130664E-01
9.3E-04	7.44120628E-01	2.05929659E-01
9.325E-04	7.44120628E-01	1.95879408E-01
9.35E-04	7.03919623E-01	2.05929659E-01
9.375E-04	7.44120628E-01	1.65728655E-01
9.4E-04	7.44120628E-01	1.65728655E-01
9.425E-04	6.63718618E-01	1.35577901E-01
9.45E-04	6.63718618E-01	1.2552765E-01
9.475E-04	6.63718618E-01	1.15477399E-01
9.5E-04	5.83316609E-01	8.5326646E-02
9.525E-04	5.83316609E-01	7.5276394E-02
9.55E-04	5.83316609E-01	8.5326646E-02
9.575E-04	5.029146E-01	4.5125641E-02
9.6E-04	4.22512591E-01	4.5125641E-02
9.625E-04	4.62713595E-01	1.4974887E-02
9.65E-04	4.62713595E-01	4.924636E-03
9.675E-04	4.42613093E-01	4.924636E-03
9.7E-04	4.22512591E-01	-3.5276368E-02
9.725E-04	3.62211084E-01	-5.125615E-03
9.75E-04	3.42110582E-01	4.924636E-03
9.775E-04	2.81809075E-01	-2.5226117E-02
9.8E-04	3.42110582E-01	4.924636E-03
9.825E-04	3.22010079E-01	-2.5226117E-02
9.85E-04	2.61708573E-01	4.924636E-03
9.875E-04	2.81809075E-01	-2.5226117E-02
9.9E-04	1.81306563E-01	4.924636E-03
9.925E-04	2.4160807E-01	-2.5226117E-02
9.95E-04	1.41105559E-01	4.924636E-03
9.975E-04	1.61206061E-01	-3.5276368E-02
1E-03	1.00904554E-01	4.924636E-03
1.0025E-03	1.00904554E-01	-5.125615E-03
1.005E-03	1.00904554E-01	-1.5175866E-02
1.0075E-03	1.00904554E-01	4.924636E-03
1.01E-03	2.0502545E-02	4.924636E-03
1.0125E-03	2.0502545E-02	-5.125615E-03
1.015E-03	-1.969846E-02	-1.5175866E-02
1.0175E-03	-7.9999967E-02	-5.125615E-03
1.02E-03	-5.9899464E-02	-3.5276368E-02
1.0225E-03	-7.9999966E-02	-2.5226117E-02
1.025E-03	-1.00100469E-01	-1.5175866E-02
1.0275E-03	-1.40301473E-01	-2.5226117E-02
1.03E-03	-1.40301473E-01	4.924636E-03
1.0325E-03	-2.0060298E-01	4.924636E-03
1.035E-03	-1.40301473E-01	4.924636E-03
1.0375E-03	-1.60401976E-01	4.924636E-03
1.04E-03	-3.01105492E-01	4.924636E-03
1.0425E-03	-2.40803985E-01	4.924636E-03
1.045E-03	-2.60904487E-01	4.924636E-03
1.0475E-03	-3.81507501E-01	4.924636E-03
1.05E-03	-3.01105492E-01	4.924636E-03
1.0525E-03	-3.61406999E-01	4.924636E-03
1.055E-03	-3.81507501E-01	4.924636E-03
1.0575E-03	-4.01608003E-01	-2.5226117E-02
1.06E-03	-4.6190951E-01	-3.5276368E-02
1.0625E-03	-4.6190951E-01	4.924636E-03
1.065E-03	-5.02110515E-01	-1.5175866E-02
1.0675E-03	-5.02110515E-01	-2.5226117E-02
1.07E-03	-4.6190951E-01	4.924636E-03
1.0725E-03	-5.42311519E-01	-5.125615E-03
1.075E-03	-5.42311519E-01	4.924636E-03
1.0775E-03	-6.22713529E-01	4.924636E-03
1.08E-03	-5.42311519E-01	4.924636E-03
1.0825E-03	-6.62914533E-01	4.924636E-03
1.085E-03	-7.43316542E-01	4.924636E-03
1.0875E-03	-7.03115538E-01	-5.125615E-03
1.09E-03	-7.03115538E-01	4.924636E-03
1.0925E-03	-7.03115538E-01	-5.125615E-03
1.095E-03	-7.83517547E-01	-1.5175866E-02
1.0975E-03	-8.03618049E-01	-5.125615E-03
1.1E-03	-7.83517547E-01	4.924636E-03
1.1025E-03	-8.63919556E-01	4.924636E-03
1.105E-03	-8.63919556E-01	-1.5175866E-02
1.1075E-03	-8.23718552E-01	4.924636E-03
1.11E-03	-8.63919556E-01	4.924636E-03
1.1125E-03	-9.44321565E-01	4.924636E-03
1.115E-03	-9.44321565E-01	-1.5175866E-02
1.1175E-03	-1.004623072E+00	4.924636E-03
1.12E-03	-9.44321565E-01	-3.5276368E-02
1.1225E-03	-1.085025081E+00	-3.5276368E-02
1.125E-03	-1.064924579E+00	4.924636E-03
1.1275E-03	-1.024723575E+00	-2.5226117E-02
1.13E-03	-1.105125584E+00	4.924636E-03
1.1325E-03	-1.105125584E+00	4.924636E-03
1.135E-03	-1.105125584E+00	4.924636E-03
1.1375E-03	-1.125226086E+00	4.924636E-03
1.14E-03	-1.185527593E+00	-3.5276368E-02
1.1425E-03	-1.125226086E+00	4.924636E-03
1.145E-03	-1.185527593E+00	-1.5175866E-02
1.1475E-03	-1.185527593E+00	-5.125615E-03
1.15E-03	-1.185527593E+00	4.924636E-03
1.1525E-03	-1.286030104E+00	-3.5276368E-02
1.155E-03	-1.306130607E+00	4.924636E-03
1.1575E-03	-1.326231109E+00	4.924636E-03
1.16E-03	-1.346331611E+00	4.924636E-03
1.1625E-03	-1.406633118E+00	-3.5276368E-02
1.165E-03	-1.346331611E+00	4.924636E-03
1.1675E-03	-1.446834123E+00	4.924636E-03
1.17E-03	-1.42673362E+00	4.924636E-03
1.1725E-03	-1.446834123E+00	4.924636E-03
1.175E-03	-1.466934625E+00	-3.5276368E-02
1.1775E-03	-1.487035127E+00	4.924636E-03
1.18E-03	-1.50713563E+00	4.924636E-03
1.1825E-03	-1.587537639E+00	-2.5226117E-02
1.185E-03	-1.547336634E+00	-3.5276368E-02
1.1875E-03	-1.587537639E+00	4.924636E-03
1.19E-03	-1.587537639E+00	-3.5276368E-02
1.1925E-03	-1.667939648E+00	-2.5226117E-02
1.195E-03	-1.587537639E+00	-1.5175866E-02
1.1975E-03	-1.667939648E+00	-2.5226117E-02
1.2E-03	-1.587537639E+00	4.924636E-03
1.2025E-03	-1.587537639E+00	-2.5226117E-02
1.205E-03	-1.667939648E+00	4.924636E-03
1.2075E-03	-1.68804015E+00	-3.5276368E-02
1.21E-03	-1.748341657E+00	-3.5276368E-02
1.2125E-03	-1.768442159E+00	4.924636E-03
1.215E-03	-1.788542662E+00	4.924636E-03
1.2175E-03	-1.828743666E+00	4.924636E-03
1.22E-03	-1.909145676E+00	4.924636E-03
1.2225E-03	-1.889045173E+00	4.924636E-03
1.225E-03	-1.868944671E+00	-1.5175866E-02
1.2275E-03	-1.909145676E+00	-5.125615E-03
1.23E-03	-1.909145676E+00	4.924636E-03
1.2325E-03	-1.848844169E+00	4.924636E-03
1.235E-03	-1.94934668E+00	4.924636E-03
1.2375E-03	-1.929246178E+00	4.924636E-03
1.24E-03	-1.909145676E+00	4.924636E-03
1.2425E-03	-1.969447183E+00	4.924636E-03
1.245E-03	-1.989547685E+00	4.924636E-03
1.2475E-03	-2.069949694E+00	4.924636E-03
1.25E-03	-2.069949694E+00	4.924636E-03
1.2525E-03	-2.069949694E+00	-5.125615E-03
1.255E-03	-2.110150699E+00	-3.5276368E-02
1.2575E-03	-2.21065321E+00	4.924636E-03
1.26E-03	-2.150351703E+00	4.924636E-03
1.2625E-03	-2.150351703E+00	4.924636E-03
1.265E-03	-2.190552708E+00	4.924636E-03
1.2675E-03	-2.230753712E+00	-2.5226117E-02
1.27E-03	-2.230753712E+00	-3.5276368E-02
1.2725E-03	-2.270954717E+00	-5.125615E-03
1.275E-03	-2.190552708E+00	-1.5175866E-02
1.2775E-03	-2.230753712E+00	4.924636E-03
1.28E-03	-2.230753712E+00	4.924636E-03
1.2825E-03	-2.250854215E+00	-5.125615E-03
1.285E-03	-2.270954717E+00	4.924636E-03
1.2875E-03	-2.291055219E+00	-2.5226117E-02
1.29E-03	-2.311155722E+00	4.924636E-03
1.2925E-03	-2.311155722E+00	4.924636E-03
1.295E-03	-2.311155722E+00	4.924636E-03
1.2975E-03	-2.451859238E+00	4.924636E-03
1.3E-03	-2.391557731E+00	-3.5276368E-02
1.3025E-03	-2.371457229E+00	4.924636E-03
1.305E-03	-2.391557731E+00	4.924636E-03
1.3075E-03	-2.47195974E+00	-3.5276368E-02
1.31E-03	-2.47195974E+00	4.924636E-03
1.3125E-03	-2.451859238E+00	1.4974887E-02
1.315E-03	-2.47195974E+00	-1.5175866E-02
1.3175E-03	-2.451859238E+00	-3.5276368E-02
1.32E-03	-2.47195974E+00	4.924636E-03
1.3225E-03	-2.492060242E+00	4.924636E-03
1.325E-03	-2.512160745E+00	-1.5175866E-02
1.3275E-03	-2.612663256E+00	4.924636E-03
1.33E-03	-2.552361749E+00	-3.5276368E-02
1.3325E-03	-2.632763758E+00	-5.125615E-03
1.335E-03	-2.632763758E+00	4.924636E-03
1.3375E-03	-2.552361749E+00	-5.125615E-03
1.34E-03	-2.632763758E+00	4.924636E-03
1.3425E-03	-2.612663256E+00	-5.125615E-03
1.345E-03	-2.632763758E+00	4.924636E-03
1.3475E-03	-2.652864261E+00	4.924636E-03
1.35E-03	-2.632763758E+00	4.924636E-03
1.3525E-03	-2.693065265E+00	-5.125615E-03
1.355E-03	-2.672964763E+00	4.924636E-03
1.3575E-03	-2.713165767E+00	4.924636E-03
1.36E-03	-2.713165767E+00	4.924636E-03
1.3625E-03	-2.713165767E+00	-5.125615E-03
1.365E-03	-2.713165767E+00	-1.5175866E-02
1.3675E-03	-2.773467274E+00	-2.5226117E-02
1.37E-03	-2.793567777E+00	-3.5276368E-02
1.3725E-03	-2.793567777E+00	-2.5226117E-02
1.375E-03	-2.793567777E+00	-1.5175866E-02
1.3775E-03	-2.773467274E+00	-5.125615E-03
1.38E-03	-2.793567777E+00	4.924636E-03
1.3825E-03	-2.853869284E+00	4.924636E-03
1.385E-03	-2.833768781E+00	4.924636E-03
1.3875E-03	-2.873969786E+00	-5.125615E-03
1.39E-03	-2.873969786E+00	4.924636E-03
1.3925E-03	-2.873969786E+00	4.924636E-03
1.395E-03	-2.954371795E+00	-1.5175866E-02
1.3975E-03	-2.873969786E+00	-5.125615E-03
1.4E-03	-2.793567777E+00	4.924636E-03
1.4025E-03	-2.894070288E+00	-2.5226117E-02
1.405E-03	-2.91417079E+00	-1.5175866E-02
1.4075E-03	-2.813668279E+00	-3.5276368E-02
1.41E-03	-2.954371795E+00	4.924636E-03
1.4125E-03	-2.894070288E+00	-2.5226117E-02
1.415E-03	-2.954371795E+00	4.924636E-03
1.4175E-03	-2.954371795E+00	4.924636E-03
1.42E-03	-2.954371795E+00	4.924636E-03
1.4225E-03	-2.894070288E+00	4.924636E-03
1.425E-03	-2.954371795E+00	4.924636E-03
1.4275E-03	-2.954371795E+00	-3.5276368E-02
1.43E-03	-2.954371795E+00	-3.5276368E-02
1.4325E-03	-2.954371795E+00	-5.125615E-03
1.435E-03	-2.9945728E+00	-1.5175866E-02
1.4375E-03	-3.034773804E+00	4.924636E-03
1.44E-03	-3.034773804E+00	4.924636E-03
1.4425E-03	-2.954371795E+00	4.924636E-03
1.445E-03	-2.954371795E+00	4.924636E-03
1.4475E-03	-2.974472297E+00	4.924636E-03
1.45E-03	-3.034773804E+00	4.924636E-03
1.4525E-03	-3.014673302E+00	4.924636E-03
1.455E-03	-3.074974809E+00	4.924636E-03
1.4575E-03	-3.034773804E+00	-5.125615E-03
1.46E-03	-2.954371795E+00	-3.5276368E-02
1.4625E-03	-3.014673302E+00	4.924636E-03
1.465E-03	-3.034773804E+00	4.924636E-03
1.4675E-03	-3.014673302E+00	1.4974888E-02
1.47E-03	-3.034773804E+00	4.924636E-03
1.4725E-03	-3.115175813E+00	-5.125615E-03
1.475E-03	-3.074974809E+00	4.924636E-03
1.4775E-03	-3.115175813E+00	-5.125615E-03
1.48E-03	-2.954371795E+00	4.924636E-03
1.4825E-03	-3.054874306E+00	4.924636E-03
1.485E-03	-2.9945728E+00	-1.5175866E-02
1.4875E-03	-3.115175813E+00	4.924636E-03
1.49E-03	-3.034773804E+00	4.924636E-03
1.4925E-03	-3.115175813E+00	-5.125615E-03
1.495E-03	-3.074974809E+00	4.924636E-03
1.4975E-03	-3.095075311E+00	4.924636E-03
1.5E-03	-3.115175813E+00	4.924636E-03
1.5025E-03	-3.115175813E+00	-3.5276368E-02
1.505E-03	-2.9945728E+00	4.924636E-03
1.5075E-03	-3.054874307E+00	4.924636E-03
1.51E-03	-3.115175813E+00	4.924636E-03
1.5125E-03	-3.054874306E+00	-5.125615E-03
1.515E-03	-3.034773804E+00	-1.5175866E-02
1.5175E-03	-3.17547732E+00	-3.5276368E-02
1.52E-03	-3.115175813E+00	4.924636E-03
1.5225E-03	-3.054874306E+00	4.924636E-03
1.525E-03	-3.074974809E+00	4.924636E-03
1.5275E-03	-3.095075311E+00	-5.125615E-03
1.53E-03	-3.115175813E+00	-3.5276368E-02
1.5325E-03	-3.115175813E+00	-2.5226117E-02
1.535E-03	-3.074974809E+00	-1.5175866E-02
1.5375E-03	-3.095075311E+00	4.924636E-03
1.54E-03	-3.034773804E+00	4.924636E-03
1.5425E-03	-3.034773804E+00	1.4974887E-02
1.545E-03	-3.074974809E+00	-1.5175866E-02
1.5475E-03	-3.054874307E+00	-5.125615E-03
1.55E-03	-3.034773804E+00	4.924636E-03
1.5525E-03	-3.034773804E+00	-2.5226117E-02
1.555E-03	-3.115175813E+00	-1.5175866E-02
1.5575E-03	-3.115175813E+00	1.4974888E-02
1.56E-03	-3.115175813E+00	4.924636E-03
1.5625E-03	-3.095075311E+00	-5.125615E-03
1.565E-03	-3.074974809E+00	-1.5175866E-02
1.5675E-03	-3.115175813E+00	-2.5226117E-02
1.57E-03	-3.034773804E+00	4.924636E-03
1.5725E-03	-3.034773804E+00	4.924636E-03
1.575E-03	-3.034773804E+00	4.924636E-03
1.5775E-03	-2.974472297E+00	-2.5226117E-02
1.58E-03	-3.034773804E+00	4.924636E-03
1.5825E-03	-3.034773804E+00	-5.125615E-03
1.585E-03	-2.9945728E+00	-1.5175866E-02
1.5875E-03	-2.954371795E+00	-2.5226117E-02
1.59E-03	-2.954371795E+00	-3.5276368E-02
1.5925E-03	-2.974472297E+00	4.924636E-03
1.595E-03	-3.034773804E+00	-1.5175866E-02
1.5975E-03	-3.014673302E+00	4.924636E-03
1.6E-03	-3.034773804E+00	4.924636E-03
1.6025E-03	-3.034773804E+00	-5.125615E-03
1.605E-03	-2.914170791E+00	4.924636E-03
1.6075E-03	-2.954371795E+00	4.924636E-03
1.61E-03	-2.954371795E+00	4.924636E-03
1.6125E-03	-2.954371795E+00	-5.125615E-03
1.615E-03	-2.954371795E+00	2.5025139E-02
1.6175E-03	-2.934271293E+00	-2.5226117E-02
1.62E-03	-2.873969786E+00	4.924636E-03
1.6225E-03	-2.974472297E+00	4.924636E-03
1.625E-03	-2.873969786E+00	-1.5175866E-02
1.6275E-03	-2.894070288E+00	4.924636E-03
1.63E-03	-2.954371795E+00	4.924636E-03
1.6325E-03	-2.934271293E+00	4.924636E-03
1.635E-03	-2.873969786E+00	-3.5276368E-02
1.6375E-03	-2.813668279E+00	4.924636E-03
1.64E-03	-2.873969786E+00	4.924636E-03
1.6425E-03	-2.853869284E+00	4.924636E-03
1.645E-03	-2.873969786E+00	-1.5175866E-02
1.6475E-03	-2.813668279E+00	4.924636E-03
1.65E-03	-2.793567777E+00	4.924636E-03
1.6525E-03	-2.813668279E+00	-5.125615E-03
1.655E-03	-2.793567777E+00	-1.5175866E-02
1.6575E-03	-2.793567777E+00	-5.125615E-03
1.66E-03	-2.873969786E+00	4.924636E-03
1.6625E-03	-2.73326627E+00	4.924636E-03
1.665E-03	-2.793567777E+00	4.924636E-03
1.6675E-03	-2.713165767E+00	-2.5226117E-02
1.67E-03	-2.793567777E+00	4.924636E-03
1.6725E-03	-2.73326627E+00	2.5025139E-02
1.675E-03	-2.753366772E+00	4.924636E-03
1.6775E-03	-2.713165767E+00	4.924636E-03
1.68E-03	-2.713165767E+00	4.924636E-03
1.6825E-03	-2.73326627E+00	4.924636E-03
1.685E-03	-2.632763758E+00	-1.5175866E-02
1.6875E-03	-2.632763758E+00	-5.125615E-03
1.69E-03	-2.552361749E+00	4.5125641E-02
1.6925E-03	-2.612663256E+00	-5.125615E-03
1.695E-03	-2.632763758E+00	4.924636E-03
1.6975E-03	-2.693065265E+00	4.924636E-03
1.7E-03	-2.632763758E+00	4.5125641E-02
1.7025E-03	-2.552361749E+00	4.924636E-03
1.705E-03	-2.512160744E+00	-1.5175866E-02
1.7075E-03	-2.572462251E+00	-3.5276368E-02
1.71E-03	-2.552361749E+00	4.924636E-03
1.7125E-03	-2.552361749E+00	4.924636E-03
1.715E-03	-2.47195974E+00	-1.5175866E-02
1.7175E-03	-2.552361749E+00	4.924636E-03
1.72E-03	-2.47195974E+00	4.924636E-03
1.7225E-03	-2.451859238E+00	4.924636E-03
1.725E-03	-2.47195974E+00	4.924636E-03
1.7275E-03	-2.47195974E+00	-2.5226117E-02
1.73E-03	-2.391557731E+00	4.924636E-03
1.7325E-03	-2.451859238E+00	4.924636E-03
1.735E-03	-2.431758735E+00	2.5025139E-02
1.7375E-03	-2.331256224E+00	4.924636E-03
1.74E-03	-2.391557731E+00	4.924636E-03
1.7425E-03	-2.311155722E+00	-2.5226117E-02
1.745E-03	-2.311155722E+00	4.924636E-03
1.7475E-03	-2.311155722E+00	4.924636E-03
1.75E-03	-2.311155722E+00	4.924636E-03
1.7525E-03	-2.311155722E+00	-3.5276368E-02
1.755E-03	-2.270954717E+00	4.924636E-03
1.7575E-03	-2.230753712E+00	4.924636E-03
1.76E-03	-2.391557731E+00	4.924636E-03
1.7625E-03	-2.230753712E+00	1.4974887E-02
1.765E-03	-2.230753712E+00	4.924636E-03
1.7675E-03	-2.170452206E+00	4.924636E-03
1.77E-03	-2.150351703E+00	-3.5276368E-02
1.7725E-03	-2.150351703E+00	4.924636E-03
1.775E-03	-2.190552708E+00	-1.5175866E-02
1.7775E-03	-2.130251201E+00	-3.5276368E-02
1.78E-03	-2.069949694E+00	-3.5276368E-02
1.7825E-03	-2.090050196E+00	4.924636E-03
1.785E-03	-2.110150699E+00	4.924636E-03
1.7875E-03	-2.049849192E+00	4.924636E-03
1.79E-03	-1.989547685E+00	4.924636E-03
1.7925E-03	-2.049849192E+00	4.924636E-03
1.795E-03	-1.989547685E+00	4.5125641E-02
1.7975E-03	-1.989547685E+00	-3.5276368E-02
1.8E-03	-1.989547685E+00	4.924636E-03
1.8025E-03	-1.909145676E+00	4.924636E-03
1.805E-03	-1.909145676E+00	2.5025139E-02
1.8075E-03	-1.909145676E+00	4.924636E-03
1.81E-03	-1.828743667E+00	-3.5276368E-02
1.8125E-03	-1.909145676E+00	-2.5226117E-02
1.815E-03	-1.909145676E+00	4.924636E-03
1.8175E-03	-1.828743666E+00	1.4974888E-02
1.82E-03	-1.828743666E+00	4.924636E-03
1.8225E-03	-1.808643164E+00	4.924636E-03
1.825E-03	-1.828743666E+00	4.924636E-03
1.8275E-03	-1.748341657E+00	4.924636E-03
1.83E-03	-1.748341657E+00	4.924636E-03
1.8325E-03	-1.68804015E+00	4.924636E-03
1.835E-03	-1.708140653E+00	-1.5175866E-02
1.8375E-03	-1.587537639E+00	-5.125615E-03
1.84E-03	-1.667939648E+00	4.924636E-03
1.8425E-03	-1.587537639E+00	-2.5226117E-02
1.845E-03	-1.627738643E+00	-1.5175866E-02
1.8475E-03	-1.527236132E+00	-2.5226117E-02
1.85E-03	-1.50713563E+00	4.924636E-03
1.8525E-03	-1.587537639E+00	1.4974887E-02
1.855E-03	-1.547336634E+00	-1.5175866E-02
1.8575E-03	-1.50713563E+00	4.924636E-03
1.86E-03	-1.426733621E+00	4.924636E-03
1.8625E-03	-1.446834123E+00	4.924636E-03
1.865E-03	-1.466934625E+00	2.5025139E-02
1.8675E-03	-1.446834123E+00	4.924636E-03
1.87E-03	-1.346331611E+00	4.924636E-03
1.8725E-03	-1.386532616E+00	-2.5226117E-02
1.875E-03	-1.42673362E+00	-1.5175866E-02
1.8775E-03	-1.346331611E+00	-5.125615E-03
1.88E-03	-1.346331611E+00	4.924636E-03
1.8825E-03	-1.265929602E+00	-5.125615E-03
1.885E-03	-1.306130607E+00	-1.5175866E-02
1.8875E-03	-1.265929602E+00	-2.5226117E-02
1.89E-03	-1.185527593E+00	-3.5276368E-02
1.8925E-03	-1.185527593E+00	4.924636E-03
1.895E-03	-1.185527593E+00	4.924636E-03
1.8975E-03	-1.185527593E+00	-2.5226117E-02
1.9E-03	-1.105125584E+00	-3.5276368E-02
1.9025E-03	-1.185527593E+00	2.5025139E-02
1.905E-03	-1.145326588E+00	-1.5175866E-02
1.9075E-03	-1.044824077E+00	-2.5226117E-02
1.91E-03	-1.024723575E+00	4.924636E-03
1.9125E-03	-1.004623072E+00	4.924636E-03
1.915E-03	-1.024723575E+00	-1.5175866E-02
1.9175E-03	-1.044824077E+00	4.924636E-03
1.92E-03	-9.44321565E-01	4.924636E-03
1.9225E-03	-8.84020058E-01	4.924636E-03
1.925E-03	-9.04120561E-01	-1.5175866E-02
1.9275E-03	-9.24221063E-01	-5.125615E-03
1.93E-03	-8.63919556E-01	-3.5276368E-02
1.9325E-03	-9.04120561E-01	4.924636E-03
1.935E-03	-8.23718551E-01	4.924636E-03
1.9375E-03	-8.63919556E-01	1.4974888E-02
1.94E-03	-7.83517547E-01	4.924636E-03
1.9425E-03	-7.83517547E-01	-2.5226117E-02
1.945E-03	-7.43316542E-01	4.924636E-03
1.9475E-03	-7.03115538E-01	4.924636E-03
1.95E-03	-7.03115538E-01	4.5125641E-02
1.9525E-03	-7.03115538E-01	4.924636E-03
1.955E-03	-6.22713529E-01	4.924636E-03
1.9575E-03	-6.22713529E-01	-5.125615E-03
1.96E-03	-5.42311519E-01	4.924636E-03
1.9625E-03	-5.42311519E-01	4.924636E-03
1.965E-03	-5.42311519E-01	-1.5175866E-02
1.9675E-03	-5.42311519E-01	-5.125615E-03
1.97E-03	-4.6190951E-01	4.924636E-03
1.9725E-03	-5.42311519E-01	4.924636E-03
1.975E-03	-4.21708506E-01	-1.5175866E-02
1.9775E-03	-4.6190951E-01	4.924636E-03
1.98E-03	-3.81507501E-01	-3.5276368E-02
1.9825E-03	-3.81507501E-01	-5.125615E-03
1.985E-03	-3.81507501E-01	4.924636E-03
1.9875E-03	-3.01105492E-01	4.924636E-03
1.99E-03	-3.01105492E-01	4.924636E-03
1.9925E-03	-2.40803985E-01	4.924636E-03
1.995E-03	-3.01105492E-01	4.924636E-03
1.9975E-03	-2.20703483E-01	-5.125615E-03
2E-03	-2.20703483E-01	4.924636E-03
2.0025E-03	-1.40301473E-01	-5.125615E-03
2.005E-03	-1.40301473E-01	-1.5175866E-02
2.0075E-03	-1.40301473E-01	-5.125615E-03
2.01E-03	-5.9899464E-02	4.924636E-03
2.0125E-03	-5.9899464E-02	4.924636E-03
2.015E-03	-5.9899464E-02	-1.5175866E-02
2.0175E-03	-5.9899464E-02	4.924636E-03
2.02E-03	-5.9899464E-02	-3.5276368E-02
2.0225E-03	2.0502545E-02	4.924636E-03
2.025E-03	-5.9899464E-02	4.924636E-03
2.0275E-03	4.0603047E-02	-5.125615E-03
2.03E-03	2.0502545E-02	4.924636E-03
2.0325E-03	1.00904554E-01	4.924636E-03
2.035E-03	1.00904554E-01	-1.5175866E-02
2.0375E-03	1.21005057E-01	4.924636E-03
2.04E-03	1.81306563E-01	4.924636E-03
2.0425E-03	1.21005056E-01	-5.125615E-03
2.045E-03	2.21507568E-01	-1.5175866E-02
2.0475E-03	2.4160807E-01	-5.125615E-03
2.05E-03	2.61708573E-01	-3.5276368E-02
2.0525E-03	2.61708573E-01	-2.5226117E-02
2.055E-03	3.01909577E-01	4.924636E-03
2.0575E-03	2.01407066E-01	4.924636E-03
2.06E-03	4.22512591E-01	-3.5276368E-02
2.0625E-03	3.62211084E-01	4.924636E-03
2.065E-03	4.22512591E-01	4.924636E-03
2.0675E-03	4.82814098E-01	4.5125641E-02
2.07E-03	4.22512591E-01	4.924636E-03
2.0725E-03	4.82814098E-01	3.507539E-02
2.075E-03	5.029146E-01	4.5125641E-02
2.0775E-03	5.029146E-01	4.924636E-03
2.08E-03	5.029146E-01	4.5125641E-02
2.0825E-03	5.23015102E-01	4.5125641E-02
2.085E-03	5.83316609E-01	8.5326646E-02
2.0875E-03	6.43618116E-01	8.5326646E-02
2.09E-03	6.63718618E-01	1.2552765E-01
2.0925E-03	6.43618116E-01	1.2552765E-01
2.095E-03	6.23517614E-01	1.2552765E-01
2.0975E-03	6.83819121E-01	1.65728655E-01
2.1E-03	7.44120628E-01	1.65728655E-01
2.1025E-03	7.44120628E-01	1.65728655E-01
2.105E-03	7.44120628E-01	1.65728655E-01
2.1075E-03	8.24522637E-01	2.05929659E-01
2.11E-03	7.44120628E-01	2.46130664E-01
2.1125E-03	7.44120628E-01	2.46130664E-01
2.115E-03	8.24522637E-01	2.86331668E-01
2.1175E-03	8.84824144E-01	2.9638192E-01
2.12E-03	8.24522637E-01	2.86331669E-01
2.1225E-03	9.45125651E-01	2.9638192E-01
2.125E-03	9.04924646E-01	3.66733678E-01
2.1275E-03	9.85326655E-01	3.96884431E-01
2.13E-03	9.04924646E-01	3.66733678E-01
2.1325E-03	9.25025148E-01	3.66733678E-01
2.135E-03	9.85326655E-01	4.27035185E-01
2.1375E-03	1.065728664E+00	4.06934682E-01
2.14E-03	1.065728664E+00	4.47135687E-01
2.1425E-03	1.045628162E+00	4.47135687E-01
2.145E-03	9.85326655E-01	4.87336691E-01
2.1475E-03	1.085829167E+00	4.87336691E-01
2.15E-03	1.065728664E+00	5.27537696E-01
2.1525E-03	1.146130674E+00	5.5768845E-01
2.155E-03	1.146130674E+00	5.47638198E-01
2.1575E-03	1.226532683E+00	5.97889454E-01
2.16E-03	1.226532683E+00	5.67738701E-01
2.1625E-03	1.146130674E+00	6.07939705E-01
2.165E-03	1.266733687E+00	6.28040208E-01
2.1675E-03	1.28683419E+00	6.4814071E-01
2.17E-03	1.226532683E+00	6.88341714E-01
2.1725E-03	1.306934692E+00	6.98391966E-01
2.175E-03	1.266733687E+00	6.88341714E-01
2.1775E-03	1.306934692E+00	7.28542719E-01
2.18E-03	1.387336701E+00	7.68743724E-01
2.1825E-03	1.387336701E+00	7.68743724E-01
2.185E-03	1.387336701E+00	7.88844226E-01
2.1875E-03	1.387336701E+00	8.08944728E-01
2.19E-03	1.387336701E+00	8.08944728E-01
2.1925E-03	1.46773871E+00	8.49145733E-01
2.195E-03	1.46773871E+00	8.49145733E-01
2.1975E-03	1.46773871E+00	8.79296486E-01
2.2E-03	1.46773871E+00	8.89346737E-01
2.2025E-03	1.568241222E+00	8.89346737E-01
2.205E-03	1.507939715E+00	9.29547742E-01
2.2075E-03	1.54814072E+00	9.69748747E-01
2.21E-03	1.628542729E+00	9.29547742E-01
2.2125E-03	1.568241222E+00	9.69748747E-01
2.215E-03	1.588341724E+00	9.69748747E-01
2.2175E-03	1.608442226E+00	1.009949751E+00
2.22E-03	1.628542729E+00	1.050150756E+00
2.2225E-03	1.628542729E+00	1.040100505E+00
2.225E-03	1.668743733E+00	1.050150756E+00
2.2275E-03	1.668743734E+00	1.060201007E+00
2.23E-03	1.708944738E+00	1.09035176E+00
2.2325E-03	1.708944738E+00	1.120502514E+00
2.235E-03	1.749145742E+00	1.110452263E+00
2.2375E-03	1.769246245E+00	1.130552765E+00
2.24E-03	1.708944738E+00	1.130552765E+00
2.2425E-03	1.789346747E+00	1.17075377E+00
2.245E-03	1.789346747E+00	1.150653267E+00
2.2475E-03	1.849648254E+00	1.200904523E+00
2.25E-03	1.789346747E+00	1.210954774E+00
2.2525E-03	1.869748756E+00	1.210954774E+00
2.255E-03	1.909949761E+00	1.251155779E+00
2.2575E-03	1.829547752E+00	1.251155779E+00
2.26E-03	1.869748756E+00	1.291356783E+00
2.2625E-03	1.869748756E+00	1.291356783E+00
2.265E-03	1.950150765E+00	1.311457286E+00
2.2675E-03	1.889849259E+00	1.321507537E+00
2.27E-03	1.950150766E+00	1.331557788E+00
2.2725E-03	1.930050263E+00	1.331557788E+00
2.275E-03	1.99035177E+00	1.371758793E+00
2.2775E-03	1.970251268E+00	1.371758793E+00
2.28E-03	1.950150766E+00	1.411959797E+00
2.2825E-03	1.970251268E+00	1.401909546E+00
2.285E-03	2.030552775E+00	1.411959797E+00
2.2875E-03	2.090854281E+00	1.411959797E+00
2.29E-03	2.110954784E+00	1.452160802E+00
2.2925E-03	2.110954784E+00	1.452160802E+00
2.295E-03	2.110954784E+00	1.492361806E+00
2.2975E-03	2.110954784E+00	1.492361806E+00
2.3E-03	2.110954784E+00	1.492361806E+00
2.3025E-03	2.110954784E+00	1.52251256E+00
2.305E-03	2.151155789E+00	1.532562811E+00
2.3075E-03	2.131055286E+00	1.532562811E+00
2.31E-03	2.271758802E+00	1.532562811E+00
2.3125E-03	2.191356793E+00	1.572763816E+00
2.315E-03	2.191356793E+00	1.61296482E+00
2.3175E-03	2.2516583E+00	1.61296482E+00
2.32E-03	2.271758802E+00	1.572763816E+00
2.3225E-03	2.291859304E+00	1.643115574E+00
2.325E-03	2.231557798E+00	1.61296482E+00
2.3275E-03	2.271758802E+00	1.653165825E+00
2.33E-03	2.271758802E+00	1.61296482E+00
2.3325E-03	2.291859304E+00	1.693366829E+00
2.335E-03	2.271758802E+00	1.693366829E+00
2.3375E-03	2.372261314E+00	1.693366829E+00
2.34E-03	2.271758802E+00	1.693366829E+00
2.3425E-03	2.392361816E+00	1.733567834E+00
2.345E-03	2.311959807E+00	1.713467332E+00
2.3475E-03	2.352160811E+00	1.733567834E+00
2.35E-03	2.352160812E+00	1.733567834E+00
2.3525E-03	2.432562821E+00	1.773768838E+00
2.355E-03	2.432562821E+00	1.753668336E+00
2.3575E-03	2.392361816E+00	1.773768838E+00
2.36E-03	2.432562821E+00	1.773768838E+00
2.3625E-03	2.432562821E+00	1.78381909E+00
2.365E-03	2.432562821E+00	1.813969843E+00
2.3675E-03	2.492864327E+00	1.813969843E+00
2.37E-03	2.51296483E+00	1.854170848E+00
2.3725E-03	2.392361816E+00	1.824020094E+00
2.375E-03	2.51296483E+00	1.854170848E+00
2.3775E-03	2.51296483E+00	1.854170848E+00
2.38E-03	2.51296483E+00	1.854170848E+00
2.3825E-03	2.51296483E+00	1.864221099E+00
2.385E-03	2.553165834E+00	1.894371852E+00
2.3875E-03	2.533065332E+00	1.894371852E+00
2.39E-03	2.51296483E+00	1.894371852E+00
2.3925E-03	2.533065332E+00	1.934572857E+00
2.395E-03	2.51296483E+00	1.914472355E+00
2.3975E-03	2.593366839E+00	1.934572857E+00
2.4E-03	2.51296483E+00	1.934572857E+00
2.4025E-03	2.593366839E+00	1.944623108E+00
2.405E-03	2.633567844E+00	1.934572857E+00
2.4075E-03	2.593366839E+00	1.974773861E+00
2.41E-03	2.593366839E+00	1.974773861E+00
2.4125E-03	2.593366839E+00	1.974773861E+00
2.415E-03	2.673768848E+00	1.974773861E+00
2.4175E-03	2.593366839E+00	1.974773861E+00
2.42E-03	2.593366839E+00	2.014974866E+00
2.4225E-03	2.653668346E+00	2.004924615E+00
2.425E-03	2.673768848E+00	1.994874364E+00
2.4275E-03	2.673768848E+00	1.974773861E+00
2.43E-03	2.593366839E+00	2.014974866E+00
2.4325E-03	2.673768848E+00	2.014974866E+00
2.435E-03	2.713969853E+00	2.035075368E+00
2.4375E-03	2.613467341E+00	2.014974866E+00
2.44E-03	2.673768848E+00	2.055175871E+00
2.4425E-03	2.673768848E+00	2.025025117E+00
2.445E-03	2.673768848E+00	2.055175871E+00
2.4475E-03	2.693869351E+00	2.055175871E+00
2.45E-03	2.673768848E+00	2.055175871E+00
2.4525E-03	2.69386935E+00	2.04512562E+00
2.455E-03	2.673768848E+00	2.055175871E+00
2.4575E-03	2.673768848E+00	2.055175871E+00
2.46E-03	2.754170857E+00	2.095376875E+00
2.4625E-03	2.754170857E+00	2.095376875E+00
2.465E-03	2.754170857E+00	2.095376875E+00
2.4675E-03	2.734070355E+00	2.095376875E+00
2.47E-03	2.754170857E+00	2.095376875E+00
2.4725E-03	2.734070355E+00	2.105427126E+00
2.475E-03	2.754170857E+00	2.075276373E+00
2.4775E-03	2.754170857E+00	2.095376875E+00
2.48E-03	2.673768848E+00	2.095376875E+00
2.4825E-03	2.834572867E+00	2.105427126E+00
2.485E-03	2.754170857E+00	2.115477377E+00
2.4875E-03	2.754170857E+00	2.13557788E+00
2.49E-03	2.673768848E+00	2.095376875E+00
2.4925E-03	2.69386935E+00	2.125527629E+00
2.495E-03	2.754170857E+00	2.115477378E+00
2.4975E-03	2.754170857E+00	2.095376875E+00